                       72 0.2
                       72 0.220175
                       72 0.240351
                       72 0.260526
                       72 0.280702
                       72 0.300877
                       72 0.321053
                       72 0.341228
                       72 0.361404
                       72 0.381579
                       71 0.401754
                       71 0.42193
                       71 0.442105
                       71 0.462281
                       71 0.482456
                       71 0.502632
                       71 0.522807
                       72 0.542982
                       71 0.563158
                       71 0.583333
                       71 0.603509
                       71 0.623684
                       71 0.64386
                       71 0.664035
                       71 0.684211
                       71 0.704386
                       71 0.724561
                       71 0.744737
                       71 0.764912
                       71 0.785088
                       71 0.805263
                       71 0.825439
                       72 0.845614
                       72 0.865789
                       72 0.885965
                       72 0.90614
                       71 0.926316
                       71 0.946491
                       71 0.966667
                       72 0.986842
                       71 1.00702
                       71 1.02719
                       71 1.04737
                       71 1.06754
                       71 1.08772
                       71 1.10789
                       71 1.12807
                       71 1.14825
                       71 1.16842
                       71 1.1886
                       71 1.20877
                       71 1.22895
                       71 1.24912
                       71 1.2693
                       72 1.28947
                       71 1.30965
                       71 1.32982
                       71 1.35
                       71 1.37018
                       71 1.39035
                       71 1.41053
                       71 1.4307
                       71 1.45088
                       71 1.47105
                       71 1.49123
                       71 1.5114
                       71 1.53158
                       71 1.55175
                       71 1.57193
                       71 1.59211
                       71 1.61228
                       71 1.63246
                       71 1.65263
                       71 1.67281
                       71 1.69298
                       71 1.71316
                       71 1.73333
                       71 1.75351
                       71 1.77368
                       71 1.79386
                       71 1.81404
                       71 1.83421
                       71 1.85439
                       71 1.87456
                       71 1.89474
                       71 1.91491
                       71 1.93509
                       71 1.95526
                       71 1.97544
                       71 1.99561
                       71 2.01579
                       71 2.03596
                       71 2.05614
                       70 2.07632
                       70 2.09649
                       70 2.11667
                       71 2.13684
                       71 2.15702
                       71 2.17719
                       71 2.19737
                       71 2.21754
                       71 2.23772
                       71 2.25789
                       71 2.27807
                       71 2.29825
                       71 2.31842
                       71 2.3386
                       71 2.35877
                       71 2.37895
                       71 2.39912
                       70 2.4193
                       71 2.43947
                       70 2.45965
                       70 2.47982
                       70 2.5
