                       77 0.2
                       77 0.220175
                       77 0.240351
                       77 0.260526
                       77 0.280702
                       77 0.300877
                       77 0.321053
                       77 0.341228
                       77 0.361404
                       77 0.381579
                       77 0.401754
                       77 0.42193
                       78 0.442105
                       78 0.462281
                       78 0.482456
                       78 0.502632
                       78 0.522807
                       78 0.542982
                       78 0.563158
                       78 0.583333
                       78 0.603509
                       78 0.623684
                       78 0.64386
                       78 0.664035
                       78 0.684211
                       78 0.704386
                       78 0.724561
                       78 0.744737
                       78 0.764912
                       78 0.785088
                       78 0.805263
                       78 0.825439
                       78 0.845614
                       78 0.865789
                       79 0.885965
                       79 0.90614
                       79 0.926316
                       79 0.946491
                       79 0.966667
                       79 0.986842
                       79 1.00702
                       79 1.02719
                       79 1.04737
                       79 1.06754
                       79 1.08772
                       79 1.10789
                       79 1.12807
                       79 1.14825
                       79 1.16842
                       79 1.1886
                       79 1.20877
                       79 1.22895
                       79 1.24912
                       79 1.2693
                       79 1.28947
                       79 1.30965
                       79 1.32982
                       79 1.35
                       79 1.37018
                       79 1.39035
                       79 1.41053
                       79 1.4307
                       78 1.45088
                       78 1.47105
                       78 1.49123
                       78 1.5114
                       78 1.53158
                       78 1.55175
                       78 1.57193
                       78 1.59211
                       78 1.61228
                       78 1.63246
                       78 1.65263
                       78 1.67281
                       78 1.69298
                       78 1.71316
                       78 1.73333
                       77 1.75351
                       77 1.77368
                       77 1.79386
                       77 1.81404
                       77 1.83421
                       77 1.85439
                       77 1.87456
                       77 1.89474
                       77 1.91491
                       77 1.93509
                       77 1.95526
                       77 1.97544
                       77 1.99561
                       78 2.01579
                       78 2.03596
                       78 2.05614
                       78 2.07632
                       78 2.09649
                       78 2.11667
                       78 2.13684
                       78 2.15702
                       78 2.17719
                       78 2.19737
                       78 2.21754
                       78 2.23772
                       78 2.25789
                       78 2.27807
                       78 2.29825
                       78 2.31842
                       78 2.3386
                       78 2.35877
                       78 2.37895
                       78 2.39912
                       78 2.4193
                       78 2.43947
                       78 2.45965
                       78 2.47982
                       78 2.5
