-687.113 -1593.13 -405.67
-835.314 -1678.25 -382.915
-1006.02 -1731.72 -358.316
-1192.02 -1748.25 -331.991
-1384.88 -1724.21 -304.068
-1575.28 -1657.89 -274.68
-1753.5 -1549.71 -243.97
-1909.9 -1402.35 -212.085
-2035.42 -1220.71 -179.179
-2122.1 -1011.79 -145.409
-2163.59 -784.434 -110.94
-2155.54 -548.976 -75.9359
-2095.99 -316.776 -40.5665
-1985.58 -99.6783 -5.00165
-1827.68 90.5947 30.5873
-1628.36 243.066 66.0289
-1396.25 348.13 101.153
-1142.21 398.146 135.789
-878.87 387.951 169.772
-620.104 315.284 202.937
-380.328 181.07 235.125
-173.784 -10.4406 266.18
-13.7704 -251.709 295.954
88.1176 -532.111 324.302
122.702 -838.327 351.089
83.8517 -1154.89 376.185
-31.0191 -1464.88 399.47
-220.604 -1750.73 420.831
-479.548 -1995.16 440.165
-798.499 -2182.04 457.379
-1164.37 -2297.37 472.392
-1560.82 -2330.15 485.129
-1968.91 -2273.07 495.53
-2368 -2123.21 503.545
-2736.71 -1882.37 509.134
-3054.02 -1557.28 512.272
-3300.41 -1159.54 512.944
-3458.98 -705.264 511.145
-3516.5 -214.507 506.884
-3464.31 289.581 500.183
-3299.1 781.803 491.073
-3023.31 1236.13 479.598
-2645.41 1627.02 465.813
-2179.76 1930.84 449.786
-1646.2 2127.19 431.592
-1069.33 2200.19 411.32
-477.451 2139.59 389.067
98.6818 1941.63 364.941
627.388 1609.63 339.057
1077.66 1154.19 311.541
1420.88 593.123 282.524
1632.41 -49.1589 252.147
1693.23 -742.493 220.555
1591.19 -1452.26 187.901
1322.07 -2140.95 154.343
890.321 -2770 120.041
309.25 -3301.77 85.1613
-399.116 -3701.57 49.8714
-1204.71 -3939.72 14.3412
-2070.54 -3993.39 -21.2579
-2954.28 -3848.2 -56.7547
-3810.18 -3499.49 -91.9782
-4591.29 -2953.12 -126.759
-5251.89 -2225.78 -160.929
-5750.02 -1344.74 -194.324
-6049.85 -347.005 -226.784
-6124.01 722.091 -258.151
-5955.51 1810.78 -288.275
-5539.2 2863.26 -317.011
-4882.82 3822.4 -344.22
-4007.25 4632.69 -369.772
-2946.23 5243.32 -393.543
-1745.27 5611.1 -415.419
-459.965 5703.22 -435.294
846.417 5499.6 -453.073
2105.81 4994.67 -468.671
3248.69 4198.53 -482.011
4207.71 3137.32 -493.03
4921.33 1852.75 -501.675
5337.5 400.806 -507.904
5416.93 -1150.37 -511.688
5135.9 -2723.45 -513.007
4488.48 -4235.41 -511.855
3487.81 -5601.69 -508.239
2166.57 -6740.52 -502.176
576.336 -7577.44 -493.694
-1214.02 -8049.71 -482.834
-3121.02 -8110.28 -469.65
-5050.12 -7731.21 -454.204
-6900.1 -6906.27 -436.57
-8568.07 -5652.51 -416.834
-9954.79 -4010.76 -395.091
-10970.2 -2044.76 -371.445
-11538.6 160.796 -346.011
-11603.7 2503.61 -318.91
-11132.7 4868.13 -290.274
-10119.2 7130.97 -260.24
-8585.18 9166.93 -228.952
-6581.61 10855.6 -196.562
-4187.29 12088 -163.225
-1506.32 12773 -129.103
1335.97 12843.2 -94.3585
4198.37 12260 -59.1597
6930.46 11017.1 -23.6761
9379.97 9142.88 11.9216
11400.8 6700.88 47.4618
12861.1 3788.44 82.7735
13651.1 533.521 117.687
13690.2 -2910.33 152.033
12933.1 -6370.61 185.647
11374 -9663.94 218.367
9049.23 -12605.1 250.036
6038.12 -15016.9 280.501
2460.84 -16739.8 309.614
-1525.37 -17641.7 337.237
-5732.41 -17626.3 363.236
-9949.53 -16640.3 387.486
-13953.2 -14679.1 409.869
-17518.3 -11789.1 430.279
-20429.6 -8069.13 448.617
-22494.5 -3667.59 464.794
-23553.7 1222.29 478.733
-23492.3 6370.16 490.367
-22247.9 11518.6 499.639
-19817.4 16395.1 506.506
-16260.5 20725.9 510.933
-11700 24250.1 512.9
-6319.03 26734.7 512.396
-355.079 27988 509.426
5909.79 27872.7 504.002
12161.1 26316.1 496.151
18066.9 23317.6 485.91
23294.3 18953.2 473.33
27526.8 13375.9 458.471
30482.8 6811.61 441.403
31931.5 -447.984 422.21
31709.2 -8057.49 400.984
29731.1 -15632.9 377.827
26000.5 -22769.6 352.85
20614.1 -29062.9 326.174
13762.1 -34129.2 297.928
5723.3 -37627.9 268.246
-3144.11 -39281.6 237.273
-12417.3 -38894.8 205.157
-21627.2 -36368.8 172.054
-30281 -31712.9 138.122
-37886.6 -25049.6 103.524
-43979.1 -16615.3 68.4285
-48146.6 -6754.16 33.0031
-50055.8 4094.22 -2.58125
-49473.3 15412.1 -38.1531
-46284.9 26626.9 -73.5413
-40507.5 37138.1 -108.575
-32296.9 46347.7 -143.086
-21946.5 53691.8 -176.909
-9880.62 58673.1 -209.879
3360.86 60890.4 -241.838
17144.3 60066.1 -272.633
30770.6 56067.6 -302.115
43508.1 48923.1 -330.142
54630.2 38829.5 -356.58
63453.5 26151.4 -381.3
69377 11411.8 -404.184
71918.4 -4726.55 -425.121
70747.3 -21488.2 -444.012
65710.6 -38019.7 -460.764
56851.6 -53429.9 -475.297
44419.1 -66835.7 -487.541
28865.6 -77409 -497.438
10835.9 -84423.6 -504.939
-8856.83 -87300.4 -510.009
-29263.5 -85645.7 -512.622
-49342.2 -79283.7 -512.767
-68007.9 -68278 -510.443
-84187.3 -52942.4 -505.661
-96877 -33838.6 -498.443
-105200 -11760.9 -488.826
-108461 12292.6 -476.854
-106191 37160.8 -462.586
-98188.6 61571.8 -446.09
-84545.3 84204.4 -427.446
-65656.1 103755 -406.744
-42217.6 119007 -384.083
-15208.4 128902 -359.572
14146.7 132604 -333.33
44427.2 129557 -305.482
74081.1 119531 -276.164
101499 102653 -245.516
125098 79420.3 -213.685
143404 50696.7 -180.825
155139 17687.5 -147.095
159300 -18104.7 -112.656
155226 -54942.4 -77.6745
142656 -90931.5 -42.3191
121765 -124113 -6.75993
93176.6 -152563 28.8318
57962.7 -174497 64.2847
17607.1 -188372 99.428
-26046.9 -192984 134.093
-70874.1 -187549 168.111
-114563 -171773 201.321
-154730 -145891 233.56
-189037 -110688 264.675
-215323 -67491.9 294.516
-231727 -18128.9 322.938
-236804 35140.3 349.805
-229624 89716.3 374.987
-209856 142780 398.364
-177817 191427 419.822
-134493 232821 439.259
-81525.4 264344 456.58
-21164.3 283750 471.703
43818.3 289305 484.554
110244 279910 495.072
174673 255196 503.205
233572 215582 508.916
283495 162306 512.175
321273 97400 512.969
344197 23632.4 511.291
350187 -55597.8 507.152
337944 -136404 500.571
307057 -214591 491.579
258084 -285858 480.219
192573 -346021 466.547
113039 -391243 450.629
22889.2 -418258 432.54
-73710.4 -424573 412.369
-172008 -408651 390.211
-266886 -370045 366.175
-353111 -309485 340.375
-425605 -228909 312.936
-479722 -131429 283.99
-511524 -21235.4 253.677
-518024 96564.4 222.141
-497408 216162 189.537
-449192 331316 156.019
-374332 435658 121.75
-275249 523025 86.8948
-155792 587793 51.6211
-21116.2 625214 16.0989
122519 631713 -19.5009
268015 605149 -55.0068
407759 545009 -90.2478
534005 452533 -125.054
639271 330750 -159.258
716752 184417 -192.696
760725 19872.4 -225.205
766911 -155212 -256.63
732786 -332160 -286.819
657821 -501692 -315.627
543619 -654380 -342.914
393961 -781147 -368.551
214729 -873761 -392.413
13715.3 -925322 -414.385
-199681 -930711 -434.361
-414856 -886960 -452.246
-620495 -793534 -467.953
-805132 -652505 -481.406
-957752 -468590 -492.541
-1.06839e+06 -249056 -501.305
-1.12875e+06 -3480.34 -507.654
-1.13269e+06 256619 -511.558
-1.07674e+06 518286 -513
-960369 767727 -511.97
-786253 990998 -508.475
-560271 1.17473e+06 -502.532
-291398 1.30688e+06 -494.169
8591.87 1.37744e+06 -483.426
325591 1.37908e+06 -470.354
643770 1.30772e+06 -455.018
946316 1.16289e+06 -437.491
1.21627e+06 948014 -417.857
1.43741e+06 670423 -396.21
1.59518e+06 341199 -372.656
1.67752e+06 -25190 -347.307
1.67567e+06 -411465 -320.286
1.58485e+06 -798287 -291.722
1.40471e+06 -1.16516e+06 -261.753
1.13962e+06 -1.49147e+06 -230.524
798701 -1.75754e+06 -198.185
395641 -1.94576e+06 -164.892
-51785.3 -2.04161e+06 -130.804
-522415 -2.03464e+06 -96.0863
-992626 -1.91926e+06 -60.906
-1.43745e+06 -1.69528e+06 -25.4325
-1.83179e+06 -1.36828e+06 10.1636
-2.15182e+06 -949617 45.7107
-2.37622e+06 -456189 81.0376
-2.48753e+06 90173 115.974
-2.47328e+06 663554 150.353
-2.32693e+06 1.2351e+06 184.007
-2.04856e+06 1.77438e+06 216.775
-1.64528e+06 2.25091e+06 248.499
-1.13122e+06 2.63576e+06 279.027
-527216 2.90318e+06 308.21
139904 3.03215e+06 335.91
838416 3.0078e+06 361.992
1.53308e+06 2.8225e+06 386.331
2.18683e+06 2.47673e+06 408.809
2.76258e+06 1.97952e+06 429.319
3.22527e+06 1.34845e+06 447.761
3.54377e+06 609213 464.047
3.69281e+06 -205243 478.099
3.65464e+06 -1.05608e+06 489.848
3.4204e+06 -1.90027e+06 499.238
2.99114e+06 -2.69263e+06 506.224
2.37829e+06 -3.38812e+06 510.772
1.6037e+06 -3.9442e+06 512.86
699088 -4.32328e+06 512.479
-295118 -4.49495e+06 509.63
-1.33137e+06 -4.43806e+06 504.327
-2.35713e+06 -4.14235e+06 496.595
-3.31737e+06 -3.60963e+06 486.472
-4.15732e+06 -2.85439e+06 474.006
-4.82543e+06 -1.90378e+06 459.257
-5.27628e+06 -796892 442.297
-5.47331e+06 416638 423.207
-5.39133e+06 1.67861e+06 402.078
-5.01847e+06 2.92489e+06 379.014
-4.35762e+06 4.08843e+06 354.124
-3.42709e+06 5.1027e+06 327.529
-2.26061e+06 5.9052e+06 299.357
-906342 6.44105e+06 269.744
574766 6.66633e+06 238.831
2.1115e+06 6.55103e+06 206.768
3.62556e+06 6.0815e+06 173.709
5.03529e+06 5.26205e+06 139.814
6.25985e+06 4.11584e+06 105.246
7.22348e+06 2.68469e+06 70.1707
7.85992e+06 1.02798e+06 34.7576
8.11638e+06 -779502 -0.822855
7.95718e+06 -2.65061e+06 -36.3994
7.3666e+06 -4.48976e+06 -71.8006
6.35094e+06 -6.19753e+06 -106.856
4.93937e+06 -7.67567e+06 -141.397
3.18378e+06 -8.83241e+06 -175.257
1.15734e+06 -9.5877e+06 -208.273
-1.04817e+06 -9.87816e+06 -240.286
-3.32614e+06 -9.66135e+06 -271.142
-5.55992e+06 -8.91932e+06 -300.692
-7.62842e+06 -7.66091e+06 -328.794
-9.41229e+06 -5.92289e+06 -355.313
-1.08003e+07 -3.76962e+06 -380.121
-1.16959e+07 -1.2912e+06 -403.098
-1.20229e+07 1.39974e+06 -424.134
-1.17309e+07 4.17279e+06 -443.128
-1.07995e+07 6.88558e+06 -459.988
-9.24088e+06 9.39068e+06 -474.632
-7.10133e+06 1.15431e+07 -486.991
-4.46062e+06 1.32082e+07 -497.005
-1.42974e+06 1.42692e+07 -504.626
1.85318e+06 1.46348e+07 -509.816
5.22859e+06 1.42452e+07 -512.551
8.52278e+06 1.30771e+07 -512.818
1.15562e+07 1.11474e+07 -510.616
1.41529e+07 8.51411e+06 -505.954
1.61496e+07 5.2761e+06 -498.856
1.74055e+07 1.57002e+06 -489.356
1.7811e+07 -2.43467e+06 -477.499
1.72951e+07 -6.54286e+06 -463.343
1.58316e+07 -1.05426e+07 -446.956
1.34433e+07 -1.42153e+07 -428.416
1.0203e+07 -1.73472e+07 -407.813
6.23312e+06 -1.97407e+07 -385.246
1.70198e+06 -2.12258e+07 -360.824
-3.18266e+06 -2.16711e+07 -334.664
-8.18216e+06 -2.09924e+07 -306.893
-1.30379e+07 -1.91604e+07 -277.644
-1.7484e+07 -1.62054e+07 -247.058
-2.12607e+07 -1.22189e+07 -215.282
-2.41287e+07 -7.35248e+06 -182.47
-2.5883e+07 -1.8132e+06 -148.778
-2.63659e+07 4.14413e+06 -114.371
-2.54779e+07 1.02277e+07 -79.4122
-2.31865e+07 1.61221e+07 -44.0713
-1.95316e+07 2.15036e+07 -8.51814
-1.46279e+07 2.60568e+07 27.076
-8.66322e+06 2.94921e+07 62.5398
-1.89221e+06 3.15622e+07 97.7024
5.37269e+06 3.20779e+07 132.394
1.27747e+07 3.09217e+07 166.449
1.99291e+07 2.80576e+07 199.702
2.64418e+07 2.35385e+07 231.993
3.19301e+07 1.75079e+07 263.167
3.60432e+07 1.01979e+07 293.074
3.8483e+07 1.92221e+06 321.57
3.90229e+07 -6.93634e+06 348.517
3.75237e+07 -1.59416e+07 373.785
3.39466e+07 -2.46242e+07 397.254
2.83607e+07 -3.25049e+07 418.809
2.09455e+07 -3.91188e+07 438.348
1.19882e+07 -4.40415e+07 455.776
1.87451e+06 -4.69135e+07 471.009
-8.92618e+06 -4.74633e+07 483.974
-1.98807e+07 -4.55267e+07 494.608
-3.04169e+07 -4.10622e+07 502.86
-3.99513e+07 -3.41596e+07 508.691
-4.79199e+07 -2.50435e+07 512.072
-5.38089e+07 -1.40691e+07 512.987
-5.7185e+07 -1.71058e+06 511.432
-5.77232e+07 1.14567e+07 507.414
-5.52299e+07 2.47812e+07 500.953
-4.96613e+07 3.7565e+07 492.079
-4.11342e+07 4.90984e+07 480.835
-2.99291e+07 5.86969e+07 467.276
-1.64849e+07 6.57387e+07 451.467
-1.38495e+06 6.97018e+07 433.483
1.46659e+07 7.01969e+07 413.412
3.08713e+07 6.69963e+07 391.35
4.63804e+07 6.0055e+07 367.404
6.03299e+07 4.95241e+07 341.689
7.18889e+07 3.57536e+07 314.328
8.03055e+07 1.92861e+07 285.453
8.49503e+07 838403 255.203
8.53578e+07 -1.87256e+07 223.725
8.12602e+07 -3.84328e+07 191.169
7.26131e+07 -5.7246e+07 157.693
5.96111e+07 -7.41149e+07 123.457
4.26908e+07 -8.80316e+07 88.6273
2.25225e+07 -9.80863e+07 53.3703
-12548.6 -1.03521e+08 17.8563
-2.38562e+07 -1.03779e+08 -17.7437
-4.78194e+07 -9.85456e+07 -53.2582
-7.06377e+07 -8.77798e+07 -88.5163
-9.10338e+07 -7.17311e+07 -123.348
-1.07785e+08 -5.09441e+07 -157.586
-1.1979e+08 -2.62465e+07 -191.065
-1.26138e+08 1.27869e+06 -223.624
-1.26161e+08 3.03352e+07 -255.106
-1.19492e+08 5.94704e+07 -285.359
-1.06096e+08 8.71431e+07 -314.238
-8.62916e+07 1.118e+08 -341.604
-6.07584e+07 1.31958e+08 -367.326
-3.0518e+07 1.46285e+08 -391.278
3.09875e+06 1.53683e+08 -413.345
3.85043e+07 1.53358e+08 -433.423
7.39242e+07 1.44876e+08 -451.413
1.0748e+08 1.28215e+08 -467.229
1.37283e+08 1.03783e+08 -480.796
1.61533e+08 7.24249e+07 -492.047
1.78622e+08 3.54022e+07 -500.928
1.87227e+08 -5.64993e+06 -507.398
1.86398e+08 -4.87876e+07 -511.423
1.75631e+08 -9.18431e+07 -512.986
1.54921e+08 -1.32527e+08 -512.079
1.24787e+08 -1.68544e+08 -508.706
8.62814e+07 -1.97711e+08 -502.883
4.0961e+07 -2.18082e+08 -494.638
-9.1659e+06 -2.28066e+08 -484.011
-6.17189e+07 -2.2653e+08 -471.054
-1.14051e+08 -2.12886e+08 -455.828
-1.63372e+08 -1.87154e+08 -438.407
-2.0689e+08 -1.49996e+08 -418.874
-2.4196e+08 -1.02722e+08 -397.325
-2.6623e+08 -4.72507e+07 -373.862
-2.77784e+08 1.39505e+07 -348.599
-2.75271e+08 7.79674e+07 -321.658
-2.58007e+08 1.41567e+08 -293.167
-2.26051e+08 2.01351e+08 -263.264
-1.80244e+08 2.53924e+08 -232.094
-1.22213e+08 2.9608e+08 -199.806
-5.43253e+07 3.24976e+08 -166.556
2.03891e+07 3.38309e+08 -132.503
9.83628e+07 3.34466e+08 -97.813
1.75648e+08 3.12654e+08 -62.6516
2.48104e+08 2.72987e+08 -27.1886
3.11607e+08 2.1653e+08 8.40546
3.62266e+08 1.45304e+08 43.959
3.96648e+08 6.22312e+07 79.3008
4.11982e+08 -2.89707e+07 114.261
4.06349e+08 -1.23935e+08 148.671
3.78828e+08 -2.1784e+08 182.364
3.29609e+08 -3.05644e+08 215.18
2.60042e+08 -3.82333e+08 246.959
1.72637e+08 -4.43193e+08 277.549
7.09926e+07 -4.84073e+08 306.803
-4.03236e+07 -5.01646e+08 334.579
-1.55968e+08 -4.93623e+08 360.744
-2.70056e+08 -4.58944e+08 385.172
-3.76445e+08 -3.979e+08 407.745
-4.69042e+08 -3.12198e+08 428.354
-5.42132e+08 -2.04952e+08 446.9
-5.90706e+08 -8.06004e+07 463.295
-6.1076e+08 5.52524e+07 477.458
-5.99574e+08 1.96067e+08 489.322
-5.55926e+08 3.3466e+08 498.83
-4.80246e+08 4.6355e+08 505.936
-3.74689e+08 5.75333e+08 510.605
-2.43118e+08 6.63086e+08 512.815
-9.10042e+07 7.20755e+08 512.556
7.47766e+07 7.43534e+08 509.829
2.46222e+08 7.28186e+08 504.646
4.14565e+08 6.73311e+08 497.033
5.70694e+08 5.79524e+08 487.027
7.05614e+08 4.49539e+08 474.675
8.10935e+08 2.8815e+08 460.038
8.7935e+08 1.02096e+08 443.185
9.05084e+08 -1.00185e+08 424.198
8.84292e+08 -3.08904e+08 403.168
8.15373e+08 -5.1336e+08 380.197
6.99189e+08 -7.02458e+08 355.395
5.39157e+08 -8.65272e+08 328.881
3.41221e+08 -9.91638e+08 300.784
1.1368e+08 -1.07273e+09 271.238
-1.33113e+08 -1.10162e+09 240.386
-3.87182e+08 -1.07374e+09 208.376
-6.35471e+08 -9.87269e+08 175.363
-8.64469e+08 -8.43393e+08 141.505
-1.06091e+09 -6.46408e+08 106.966
-1.21247e+09 -4.03683e+08 71.9122
-1.3085e+09 -1.25436e+08 36.5118
-1.3407e+09 1.75633e+08 0.935547
-1.30362e+09 4.84876e+08 -34.6452
-1.19523e+09 7.8636e+08 -70.0591
-1.01713e+09 1.06364e+09 -105.136
-7.74705e+08 1.30059e+09 -139.706
-4.77095e+08 1.48231e+09 -173.603
-1.36881e+08 1.59594e+09 -206.665
2.30363e+08 1.63149e+09 -238.731
6.06722e+08 1.58255e+09 -269.648
9.72757e+08 1.44679e+09 -299.266
1.30845e+09 1.22639e+09 -327.443
1.59422e+09 9.2811e+08 -354.043
1.81201e+09 5.63258e+08 -378.938
1.94632e+09 1.47321e+08 -402.008
1.98516e+09 -3.00598e+08 -423.143
1.92093e+09 -7.58593e+08 -442.24
1.75105e+09 -1.20295e+09 -459.207
1.47839e+09 -1.6093e+09 -473.962
1.11146e+09 -1.95387e+09 -486.436
6.64227e+08 -2.2148e+09 -496.567
1.55772e+08 -2.37338e+09 -504.306
-3.9049e+08 -2.41524e+09 -509.617
-9.47772e+08 -2.33139e+09 -512.474
-1.48715e+09 -2.11898e+09 -512.863
-1.97896e+09 -1.78179e+09 -510.782
-2.39434e+09 -1.33047e+09 -506.242
-2.70683e+09 -7.82346e+08 -499.264
-2.89385e+09 -1.60861e+08 -489.881
-2.9382e+09 5.05268e+08 -478.139
-2.82924e+09 1.18329e+09 -464.095
-2.56383e+09 1.83793e+09 -447.816
-2.14697e+09 2.43309e+09 -429.381
-1.59197e+09 2.93373e+09 -408.877
-9.20269e+08 3.3078e+09 -386.405
-1.6071e+08 3.52811e+09 -362.072
6.51507e+08 3.57403e+09 -335.995
1.47635e+09 3.43298e+09 -308.301
2.27078e+09 3.10159e+09 -279.121
2.9909e+09 2.58639e+09 -248.598
3.59416e+09 1.90403e+09 -216.877
4.04177e+09 1.081e+09 -184.112
4.30095e+09 1.52789e+08 -150.46
4.34699e+09 -8.37455e+08 -116.084
4.16507e+09 -1.8408e+09 -81.1489
3.75159e+09 -2.80478e+09 -45.8229
3.11503e+09 -3.67594e+09 -10.2762
2.27622e+09 -4.4027e+09 25.3199
1.26789e+09 -4.93808e+09 60.7941
1.33714e+08 -5.24256e+09 95.9756
-1.07346e+09 -5.28658e+09 130.695
-2.29381e+09 -5.05267e+09 164.785
-3.46337e+09 -4.53709e+09 198.081
-4.51712e+09 -3.75082e+09 230.424
-5.39243e+09 -2.71986e+09 261.657
-6.03249e+09 -1.48469e+09 291.629
-6.38968e+09 -9.89874e+07 320.198
-6.42859e+09 1.37248e+09 347.224
-6.12868e+09 2.85663e+09 372.579
-5.48618e+09 4.27544e+09 396.139
-4.51526e+09 5.54985e+09 417.791
-3.24837e+09 6.60384e+09 437.432
-1.73551e+09 7.36868e+09 454.966
-4.26782e+07 7.787e+09 470.309
1.75078e+09 7.81648e+09 483.388
3.55555e+09 7.43294e+09 494.138
5.27653e+09 6.63274e+09 502.509
6.81754e+09 5.43414e+09 508.46
8.08637e+09 3.87758e+09 511.963
8.99988e+09 2.02484e+09 513
9.48896e+09 -4.29794e+07 511.567
9.503e+09 -2.22866e+09 507.67
9.01364e+09 -4.42309e+09 501.329
8.01762e+09 -6.51034e+09 492.573
6.53833e+09 -8.37344e+09 481.445
4.62618e+09 -9.90052e+09 467.999
2.35749e+09 -1.0991e+10 452.299
-1.6811e+08 -1.15617e+10 434.421
-2.83153e+09 -1.15522e+10 414.451
-5.49946e+09 -1.09291e+10 392.485
-8.03062e+09 -9.69004e+09 368.629
-1.02828e+10 -7.8648e+09 342.998
-1.21202e+10 -5.51623e+09 315.715
-1.34213e+10 -2.73853e+09 286.912
-1.40859e+10 3.45861e+08 256.727
-1.40418e+10 3.59111e+09 225.306
-1.32501e+10 6.83438e+09 192.8
-1.17093e+10 9.90347e+09 159.365
-9.45781e+09 1.26254e+10 125.163
-6.57368e+09 1.48357e+10 90.3587
-3.17319e+09 1.63872e+10 55.1188
5.93241e+08 1.71594e+10 19.6135
4.54703e+09 1.7066e+10 -15.9862
8.48928e+09 1.60618e+10 -51.509
1.22102e+10 1.4147e+10 -86.7837
1.54994e+10 1.13703e+10 -121.641
1.81574e+10 7.82905e+09 -155.912
2.00065e+10 3.66663e+09 -189.432
2.09014e+10 -9.32163e+08 -222.04
2.07395e+10 -5.7487e+09 -253.579
1.94677e+10 -1.05401e+10 -283.896
1.70891e+10 -1.50506e+10 -312.847
1.36656e+10 -1.90247e+10 -340.291
9.3182e+09 -2.22202e+10 -366.096
4.22376e+09 -2.44225e+10 -390.138
-1.39078e+09 -2.5457e+10 -412.302
-7.25774e+09 -2.52009e+10 -432.48
-1.30805e+10 -2.35928e+10 -450.575
-1.85476e+10 -2.06395e+10 -466.501
-2.33482e+10 -1.64195e+10 -480.18
-2.7189e+10 -1.10832e+10 -491.546
-2.98103e+10 -4.84875e+09 -500.546
-3.10023e+10 2.00517e+09 -507.135
-3.06186e+10 9.15091e+09 -511.282
-2.85882e+10 1.62263e+10 -512.967
-2.49229e+10 2.28519e+10 -512.182
-1.97223e+10 2.865e+10 -508.93
-1.31732e+10 3.32648e+10 -503.227
-5.54458e+09 3.63829e+10 -495.101
2.82143e+09 3.77517e+10 -484.591
1.15238e+10 3.71971e+10 -471.747
2.01204e+10 3.46367e+10 -456.632
2.8149e+10 3.00897e+10 -439.317
3.51505e+10 2.36821e+10 -419.887
4.06938e+10 1.56457e+10 -398.435
4.44001e+10 6.31227e+09 -375.064
4.59659e+10 -3.89838e+09 -349.887
4.5184e+10 -1.44954e+10 -323.025
4.19592e+10 -2.49391e+10 -294.608
3.63209e+10 -3.46664e+10 -264.772
2.84278e+10 -4.31196e+10 -233.661
1.85679e+10 -4.97761e+10 -201.424
7.14992e+09 -5.41783e+10 -168.218
-5.31082e+09 -5.59618e+10 -134.201
-1.82138e+10 -5.48797e+10 -99.5386
-3.09001e+10 -5.0823e+10 -64.3965
-4.2684e+10 -4.3834e+10 -28.9443
-5.28878e+10 -3.41133e+10 6.64725
-6.08785e+10 -2.20178e+10 42.2068
-6.61033e+10 -8.05133e+09 77.5631
-6.81245e+10 7.1538e+09 112.546
-6.66486e+10 2.28628e+10 146.987
-6.15508e+10 3.82715e+10 180.72
-5.2891e+10 5.25449e+10 213.582
-4.09219e+10 6.48597e+10 245.417
-2.60861e+10 7.44488e+10 276.069
-9.00424e+09 8.06449e+10 305.392
9.54782e+09 8.29222e+10 333.244
2.86712e+10 8.09323e+10 359.492
4.73845e+10 7.45326e+10 384.008
6.46709e+10 6.38066e+10 406.675
7.95305e+10 4.9072e+10 427.384
9.10338e+10 3.08777e+10 446.034
9.83754e+10 9.98799e+09 462.537
1.00924e+11 -1.26454e+10 476.812
9.8266e+10 -3.59229e+10 488.791
9.02398e+10 -5.86469e+10 498.417
7.69594e+10 -7.95796e+10 505.642
5.88241e+10 -9.75062e+10 510.432
3.6514e+10 -1.11301e+11 512.764
1.09704e+10 -1.19992e+11 512.627
-1.66394e+10 -1.22821e+11 510.021
-4.49706e+10 -1.19299e+11 504.959
-7.25618e+10 -1.09242e+11 497.466
-9.79062e+10 -9.28041e+10 487.577
-1.19529e+11 -7.04876e+10 475.339
-1.36065e+11 -4.31347e+10 460.813
-1.46344e+11 -1.19038e+10 444.068
-1.49454e+11 2.17732e+10 425.184
-1.44816e+11 5.62516e+10 404.253
-1.32225e+11 8.97488e+10 381.375
-1.11887e+11 1.2043e+11 356.661
-8.4431e+10 1.46505e+11 330.228
-5.08998e+10 1.66321e+11 302.206
-1.27198e+10 1.78464e+11 272.729
2.83535e+10 1.81844e+11 241.938
7.03088e+10 1.75772e+11 209.982
1.10971e+11 1.60022e+11 177.014
1.48109e+11 1.34865e+11 143.195
1.79546e+11 1.01092e+11 108.685
2.03283e+11 5.99926e+10 73.6528
2.17613e+11 1.33222e+10 38.2655
2.21231e+11 -3.67666e+10 2.69394
2.1332e+11 -8.7815e+10 -32.8906
1.93632e+11 -1.3717e+11 -68.3168
1.62526e+11 -1.82115e+11 -103.414
1.2099e+11 -2.20009e+11 -138.013
7.06213e+10 -2.48431e+11 -171.948
1.35788e+10 -2.65324e+11 -205.054
-4.74984e+10 -2.69121e+11 -237.173
-1.09604e+11 -2.58859e+11 -268.15
-1.69503e+11 -2.34267e+11 -297.836
-2.23889e+11 -1.95817e+11 -326.087
-2.69556e+11 -1.44743e+11 -352.768
-3.03574e+11 -8.30216e+10 -377.75
-3.23462e+11 -1.33095e+10 -400.914
-3.27343e+11 6.11592e+10 -422.146
-3.14082e+11 1.3671e+11 -441.346
-2.83386e+11 2.09396e+11 -458.42
-2.35871e+11 2.75196e+11 -473.287
-1.73081e+11 3.30218e+11 -485.874
-9.74588e+10 3.70916e+11 -496.122
-1.22722e+10 3.94299e+11 -503.981
7.8515e+10 3.98121e+11 -509.412
1.70411e+11 3.81041e+11 -512.391
2.58605e+11 3.42751e+11 -512.902
3.38203e+11 2.84052e+11 -510.943
4.04481e+11 2.06871e+11 -506.524
4.53149e+11 1.14229e+11 -499.665
4.80602e+11 1.01442e+10 -490.4
4.84151e+11 -1.00526e+11 -478.774
4.62218e+11 -2.12293e+11 -464.842
4.14487e+11 -3.19291e+11 -448.671
3.41991e+11 -4.15564e+11 -430.34
2.47137e+11 -4.95382e+11 -409.937
1.33661e+11 -5.53554e+11 -387.559
6.49867e+09 -5.85736e+11 -363.315
-1.28396e+11 -5.8871e+11 -337.322
-2.64317e+11 -5.60622e+11 -309.704
-3.9411e+11 -5.01157e+11 -280.595
-5.10535e+11 -4.11646e+11 -250.134
-6.06636e+11 -2.95094e+11 -218.469
-6.76134e+11 -1.56113e+11 -185.752
-7.13797e+11 -7.74199e+08 -152.141
-7.15776e+11 1.63631e+11 -117.796
-6.79892e+11 3.28907e+11 -82.8847
-6.05851e+11 4.86335e+11 -47.574
-4.95362e+11 6.27106e+11 -12.0342
-3.52172e+11 7.42783e+11 23.5635
-1.81976e+11 8.25772e+11 59.0478
7.76304e+09 8.69769e+11 94.2477
2.08115e+11 8.70174e+11 128.994
4.09065e+11 8.24435e+11 163.119
5.99987e+11 7.32295e+11 196.458
7.70168e+11 5.95948e+11 228.851
9.09375e+11 4.2006e+11 260.142
1.00842e+12 2.11665e+11 290.181
1.05972e+12 -2.00681e+10 318.822
1.05777e+12 -2.64201e+11 345.928
9.99581e+11 -5.085e+11 371.368
8.84981e+11 -7.40014e+11 395.019
7.16767e+11 -9.45717e+11 416.769
5.0075e+11 -1.11319e+12 436.511
2.45613e+11 -1.23134e+12 454.151
-3.73786e+10 -1.29102e+12 469.604
-3.3483e+11 -1.28566e+12 482.796
-6.31798e+11 -1.21178e+12 493.663
-9.125e+11 -1.06932e+12 502.152
-1.1611e+12 -8.61843e+11 508.224
-1.36253e+12 -5.96584e+11 511.848
-1.50338e+12 -2.8426e+11 513.007
-1.57264e+12 6.12926e+10 511.696
-1.56249e+12 4.23671e+11 507.92
-1.46885e+12 7.84625e+11 501.699
-1.29183e+12 1.12492e+12 493.061
-1.03599e+12 1.4253e+12 482.05
-7.10317e+11 1.66752e+12 468.716
-3.28033e+11 1.83533e+12 453.126
9.38669e+10 1.91551e+12 435.354
5.353e+11 1.89872e+12 415.485
9.73979e+11 1.78022e+12 393.615
1.38647e+12 1.56037e+12 369.85
1.74936e+12 1.24497e+12 344.304
2.04053e+12 8.4518e+11 317.099
2.24034e+12 3.77321e+11 288.368
2.3329e+12 -1.37741e+11 258.248
2.30706e+12 -6.7542e+11 226.885
2.15731e+12 -1.2085e+12 194.428
1.8844e+12 -1.70844e+12 161.036
1.49565e+12 -2.14678e+12 126.868
1.00496e+12 -2.49668e+12 92.0891
4.32438e+11 -2.73445e+12 56.8667
-1.96292e+11 -2.84095e+12 21.3705
-8.51137e+11 -2.80291e+12 -14.2286
-1.49887e+12 -2.61393e+12 -49.7592
-2.10471e+12 -2.2753e+12 -85.0502
-2.63409e+12 -1.79626e+12 -119.932
-3.05446e+12 -1.19409e+12 -154.235
-3.3372e+12 -4.93572e+11 -187.797
-3.4593e+12 2.73833e+11 -220.453
-3.40495e+12 1.0713e+12 -252.049
-3.16679e+12 1.85825e+12 -282.43
-2.74677e+12 2.59234e+12 -311.451
-2.15661e+12 3.23154e+12 -338.973
-1.41774e+12 3.73641e+12 -364.862
-5.60711e+11 4.07238e+12 -388.994
3.75858e+11 4.2118e+12 -411.253
1.3469e+12 4.13585e+12 -431.531
2.3029e+12 3.83606e+12 -449.732
3.19226e+12 3.31531e+12 -465.766
3.96392e+12 2.5884e+12 -479.558
4.5701e+12 1.68193e+12 -491.04
4.96902e+12 6.33552e+11 -500.158
5.12748e+12 -5.09355e+11 -506.867
5.0231e+12 -1.69164e+12 -511.135
4.64613e+12 -2.85287e+12 -512.942
4.00076e+12 -3.9302e+12 -512.279
3.10561e+12 -4.8616e+12 -509.148
1.99369e+12 -5.58917e+12 -503.566
7.11373e+11 -6.06247e+12 -495.559
-6.83189e+11 -6.24161e+12 -485.165
-2.12253e+12 -6.09999e+12 -472.435
-3.53288e+12 -5.6265e+12 -457.431
-4.83773e+12 -4.82697e+12 -440.223
-5.96172e+12 -3.72488e+12 -420.895
-6.8347e+12 -2.36113e+12 -399.54
-7.39577e+12 -7.92859e+11 -376.262
-7.59705e+12 9.08594e+11 -351.171
-7.40693e+12 2.6607e+12 -324.39
-6.81278e+12 4.37343e+12 -296.046
-5.82264e+12 5.95364e+12 -266.276
-4.46604e+12 7.30977e+12 -235.225
-2.79366e+12 8.35686e+12 -203.04
-8.75888e+11 9.0214e+12 -169.878
1.19978e+12 9.24589e+12 -135.898
3.3324e+12 8.99287e+12 -101.263
5.41211e+12 8.24801e+12 -66.1406
7.32551e+12 7.02225e+12 -30.6997
8.96141e+12 5.3527e+12 4.88896
1.02169e+13 3.30213e+12 40.4541
1.10032e+13 9.5723e+11 75.8245
1.12515e+13 -1.57471e+12 110.83
1.09171e+13 -4.1702e+12 145.301
9.98416e+12 -6.69524e+12 179.073
8.46724e+12 -9.01176e+12 211.982
6.41294e+12 -1.09847e+13 243.871
3.89902e+12 -1.24895e+13 274.585
1.03217e+12 -1.34191e+13 303.977
-2.05601e+12 -1.36907e+13 331.905
-5.21454e+12 -1.32516e+13 358.235
-8.27991e+12 -1.2084e+13 382.84
-1.10841e+13 -1.02074e+13 405.601
-1.34631e+13 -7.68016e+12 426.409
-1.5266e+13 -4.59861e+12 445.163
-1.63637e+13 -1.09402e+12 461.774
-1.66569e+13 2.67223e+12 476.161
-1.60835e+13 6.51553e+12 488.255
-1.46233e+13 1.02364e+13 497.997
-1.23025e+13 1.36304e+13 505.342
-9.19404e+12 1.64984e+13 510.253
-5.41718e+12 1.86577e+13 512.707
-1.13347e+12 1.99524e+13 512.692
3.45928e+12 2.02638e+13 510.208
8.13533e+12 1.95182e+13 505.266
1.26514e+13 1.76936e+13 497.892
1.67587e+13 1.48243e+13 488.12
2.02154e+13 1.10017e+13 475.998
2.28004e+13 6.37325e+12 461.583
2.43258e+13 1.13776e+12 444.946
2.46492e+13 -4.46228e+12 426.166
2.36836e+13 -1.01509e+13 405.333
2.14053e+13 -1.56315e+13 382.549
1.78589e+13 -2.06012e+13 357.922
1.31589e+13 -2.47666e+13 331.572
7.48768e+12 -2.78599e+13 303.625
1.08965e+12 -2.96548e+13 274.216
-5.73793e+12 -2.99806e+13 243.487
-1.26578e+13 -2.87346e+13 211.585
-1.93081e+13 -2.58916e+13 178.664
-2.53203e+13 -2.15098e+13 144.882
-3.03385e+13 -1.5732e+13 110.403
-3.40386e+13 -8.7839e+12 75.3926
-3.61476e+13 -9.66025e+11 40.0188
-3.64613e+13 7.35734e+12 4.4523
-3.48586e+13 1.57739e+13 -31.1356
-3.13134e+13 2.38426e+13 -66.5736
-2.59007e+13 3.11151e+13 -101.691
-1.87994e+13 3.71593e+13 -136.319
-1.0288e+13 4.1583e+13 -170.29
-7.36194e+11 4.40575e+13 -203.441
9.40962e+12 4.43382e+13 -235.613
1.96457e+13 4.22827e+13 -266.65
2.94341e+13 3.78644e+13 -296.402
3.82296e+13 3.11804e+13 -324.728
4.55077e+13 2.24537e+13 -351.489
5.07942e+13 1.20287e+13 -376.559
5.36929e+13 3.59667e+11 -399.814
5.39112e+13 -1.20064e+13 -421.145
5.12817e+13 -2.44539e+13 -440.447
4.57787e+13 -3.63272e+13 -457.628
3.7527e+13 -4.6963e+13 -472.606
2.68047e+13 -5.57249e+13 -485.307
1.40373e+13 -6.20393e+13 -495.672
-2.16656e+11 -6.5429e+13 -503.649
-1.52873e+13 -6.55441e+13 -509.201
-3.04225e+13 -6.21884e+13 -512.302
-4.4823e+13 -5.53381e+13 -512.935
-5.76819e+13 -4.51537e+13 -511.098
-6.82276e+13 -3.19818e+13 -506.799
-7.5766e+13 -1.63477e+13 -500.061
-7.97224e+13 1.06205e+12 -490.914
-7.96789e+13 1.9427e+13 -479.403
-7.54053e+13 3.78283e+13 -465.583
-6.68825e+13 5.52916e+13 -449.521
-5.4316e+13 7.0836e+13 -431.295
-3.81375e+13 8.35252e+13 -410.992
-1.89955e+13 9.252e+13 -388.709
2.26651e+12 9.71285e+13 -364.555
2.46436e+13 9.68515e+13 -338.645
4.70134e+13 9.14197e+13 -311.104
6.81885e+13 8.08217e+13 -282.065
8.6976e+13 6.53199e+13 -251.668
1.0224e+14 4.54516e+13 -220.059
1.12967e+14 2.20175e+13 -187.39
1.18323e+14 -3.94644e+12 -153.819
1.17713e+14 -3.12095e+13 -119.507
1.10821e+14 -5.84008e+13 -84.6195
9.76493e+13 -8.40733e+13 -49.3246
7.85312e+13 -1.06777e+14 -13.7921
5.41356e+13 -1.25134e+14 21.8068
2.54503e+13 -1.37918e+14 57.3007
-6.25195e+12 -1.44128e+14 92.5187
-3.94645e+13 -1.43052e+14 127.291
-7.25128e+13 -1.34323e+14 161.451
-1.03634e+14 -1.1796e+14 194.832
-1.31065e+14 -9.43876e+13 227.276
-1.53136e+14 -6.44378e+13 258.625
-1.68364e+14 -2.93289e+13 288.729
-1.75544e+14 9.37596e+12 317.443
-1.73827e+14 4.98322e+13 344.627
-1.62788e+14 8.99951e+13 370.152
-1.4247e+14 1.27717e+14 393.895
-1.13412e+14 1.60853e+14 415.741
-7.66494e+13 1.87381e+14 435.585
-3.36836e+13 2.05508e+14 453.331
1.35657e+13 2.13785e+14 468.894
6.28406e+13 2.112e+14 482.199
1.11644e+14 1.97258e+14 493.182
1.5736e+14 1.72041e+14 501.79
1.97383e+14 1.36231e+14 507.981
2.29258e+14 9.11115e+13 511.727
2.50822e+14 3.85367e+13 513.008
2.60331e+14 -1.91374e+13 511.818
2.5658e+14 -7.91471e+13 508.164
2.38997e+14 -1.38444e+14 502.063
2.07712e+14 -1.93841e+14 493.544
1.63589e+14 -2.42172e+14 482.648
1.08223e+14 -2.80462e+14 469.428
4.38975e+13 -3.06096e+14 453.948
-2.64942e+13 -3.16979e+14 436.281
-9.95701e+13 -3.11676e+14 416.514
-1.71609e+14 -2.89528e+14 394.741
-2.38728e+14 -2.50732e+14 371.066
-2.97081e+14 -1.96379e+14 345.605
-3.43062e+14 -1.28448e+14 318.48
-3.73512e+14 -4.97554e+13 289.821
-3.85915e+14 3.61494e+13 259.766
-3.78562e+14 1.25127e+14 228.46
-3.50696e+14 2.12636e+14 196.055
-3.02605e+14 2.93948e+14 162.705
-2.35663e+14 3.64388e+14 128.571
-1.52329e+14 4.19587e+14 93.8184
-5.6071e+13 4.55731e+14 58.614
4.8755e+13 4.69795e+14 23.1273
1.57085e+14 4.5975e+14 -12.4708
2.63374e+14 4.24729e+14 -48.0088
3.61865e+14 3.65137e+14 -83.3156
4.4688e+14 2.82711e+14 -118.221
5.13123e+14 1.80495e+14 -152.558
5.5599e+14 6.27636e+13 -186.159
5.71849e+14 -6.51381e+13 -218.864
5.58288e+14 -1.97015e+14 -250.516
5.14318e+14 -3.26101e+14 -280.96
4.40505e+14 -4.45386e+14 -310.052
3.39031e+14 -5.4797e+14 -337.651
2.13674e+14 -6.2744e+14 -363.624
6.96957e+13 -6.78238e+14 -387.845
-8.63456e+13 -6.96001e+14 -410.199
-2.46872e+14 -6.77869e+14 -430.578
-4.03627e+14 -6.22717e+14 -448.883
-5.48074e+14 -5.31321e+14 -465.026
-6.71835e+14 -4.06425e+14 -478.931
-7.6714e+14 -2.52708e+14 -490.528
-8.27281e+14 -7.66513e+13 -499.764
-8.47022e+14 1.13701e+14 -506.593
-8.2297e+14 3.09081e+14 -510.982
-7.53856e+14 4.99413e+14 -512.911
-6.40728e+14 6.74307e+14 -512.369
-4.87033e+14 8.23586e+14 -509.361
-2.98566e+14 9.3784e+14 -503.899
-8.33088e+13 1.00897e+15 -496.011
1.48876e+14 1.03071e+15 -485.734
3.86652e+14 9.99016e+14 -473.118
6.17729e+14 9.12479e+14 -458.224
8.29456e+14 7.72501e+14 -441.123
1.00948e+15 5.83402e+14 -421.898
1.1464e+15 3.52363e+14 -400.641
1.23045e+15 8.92047e+13 -377.455
1.2541e+15 -1.93977e+14 -352.451
1.21258e+15 -4.8332e+14 -325.75
