-4091.81 481.484 392.85
-4054.26 10092.6 409.04
18148.8 22043.4 228.253
73497.1 -14158.8 -62.4515
59374.1 -187038 -323.082
-356712 -370947 -428.129
-1.3015e+06 357682 -327.006
-805277 3.44731e+06 -68.4092
6.93627e+06 6.17216e+06 223.131
2.29089e+07 -8.25699e+06 407.219
9.65486e+06 -6.31331e+07 395.207
-1.33405e+08 -1.01297e+08 192.879
-4.00479e+08 1.80609e+08 -102.333
-8.52052e+07 1.14906e+09 -348.265
2.54141e+09 1.63507e+09 -426.486
6.95015e+09 -3.80959e+09 -299.328
-7.73251e+07 -2.07869e+10 -28.0258
-4.80015e+10 -2.58486e+10 256.773
-1.19671e+11 7.82581e+10 417.92
3.05137e+10 3.73774e+11 377.813
8.9959e+11 3.97672e+11 155.766
2.04281e+12 -1.57524e+12 -141.292
-1.0725e+12 -6.6801e+12 -370.309
-1.67375e+13 -5.89235e+12 -421
-3.45359e+13 3.1195e+13 -268.953
2.86493e+13 1.18648e+14 12.6101
3.09304e+14 8.25326e+13 288.101
5.77472e+14 -6.09472e+14 424.854
-6.81527e+14 -2.09392e+15 357.014
-5.67889e+15 -1.05113e+15 117.249
-9.53277e+15 1.17713e+16 -178.977
1.51918e+16 3.67073e+16 -389.016
1.03616e+17 1.09497e+16 -411.719
1.54969e+17 -2.25078e+17 -236.155
-3.24674e+17 -6.38949e+17 53.1325
-1.87901e+18 -5.17794e+16 316.833
-2.47199e+18 4.26547e+18 427.96
6.73491e+18 1.10375e+19 332.997
3.38692e+19 -1.70121e+18 77.6765
3.84862e+19 -8.01837e+19 -215.05
-1.36601e+20 -1.8909e+20 -404.217
-6.06803e+20 7.805e+19 -398.729
-5.79891e+20 1.49614e+21 -201.228
2.72187e+21 3.20967e+21 93.176
1.08049e+22 -2.25398e+21 342.71
8.33404e+21 -2.77226e+22 427.209
-5.34535e+22 -5.3917e+22 305.98
-1.91183e+23 5.56789e+22 37.4035
-1.1106e+23 5.10306e+23 -249.185
1.03698e+24 8.94884e+23 -415.776
3.36068e+24 -1.26931e+24 -382.146
1.28261e+24 -9.33417e+24 -164.488
-1.99052e+25 -1.46429e+25 132.38
-5.86683e+25 2.75388e+25 365.499
-9.99229e+24 1.69685e+26 422.608
3.78539e+26 2.35486e+26 276.206
1.01665e+27 -5.77519e+26 -3.20661
-5.80066e+25 -3.06603e+27 -281.075
-7.13848e+27 -3.70521e+27 -423.589
-1.74768e+28 1.18118e+28 -362.118
5.33889e+27 5.50656e+28 -126.266
1.33587e+29 5.66424e+28 170.391
2.97796e+29 -2.36938e+29 384.994
-1.73175e+29 -9.82953e+29 414.2
-2.4821e+30 -8.31636e+29 243.943
-5.02433e+30 4.67888e+30 -43.7878
4.49194e+30 1.74372e+31 -310.432
4.58092e+31 1.14807e+31 -427.584
8.38144e+31 -9.11955e+31 -338.828
-1.05224e+32 -3.07339e+32 -86.9062
-8.40029e+32 -1.42316e+32 206.866
-1.37975e+33 1.75771e+33 401.02
2.32318e+33 5.3805e+33 402.058
1.53085e+34 1.38287e+33 209.481
2.23543e+34 -3.35479e+34 -83.9744
-4.93239e+34 -9.35211e+34 -336.991
-2.77282e+35 -3.42536e+33 -427.726
-3.55072e+35 6.34725e+35 -312.485
1.01819e+36 1.61301e+36 -46.763
4.99211e+36 -3.26868e+35 241.478
5.4972e+36 -1.19139e+37 413.432
-2.05734e+37 -2.75857e+37 386.294
-8.93322e+37 1.28732e+37 173.132
-8.21834e+37 2.2199e+38 -123.404
4.08689e+38 4.67344e+38 -360.513
1.58873e+39 -3.56699e+38 -424.013
1.16717e+39 -4.10794e+39 -283.325
-8.00561e+39 -7.83326e+39 -6.19848
-2.80758e+40 8.64158e+39 273.913
-1.5238e+40 7.55223e+40 422.119
1.54967e+41 1.29676e+41 367.048
4.92876e+41 -1.94766e+41 135.222
1.68268e+41 -1.37972e+42 -161.722
-2.96897e+42 -2.1153e+42 -380.787
-8.59221e+42 4.19367e+42 -416.48
-1.09352e+42 2.5052e+43 -251.612
5.63648e+43 3.38871e+43 34.422
1.48668e+44 -8.74669e+43 303.88
-1.54298e+43 -4.52128e+44 427.001
-1.06128e+45 -5.30539e+44 344.495
