-1200.19 -1101.75 208.015
-1482.01 -851.126 227.55
-1707.06 -534.695 245.99
-1860.03 -165.365 263.245
-1928.54 240.399 279.232
-1904.01 663.239 293.875
-1782.24 1081.77 307.103
-1563.99 1473.58 318.851
-1255.17 1816.4 329.065
-866.826 2089.22 337.693
-414.878 2273.58 344.695
80.4598 2354.58 350.038
595.496 2321.99 353.695
1104.12 2170.98 355.648
1579.04 1902.73 355.889
1993.17 1524.71 354.416
2321.09 1050.65 351.236
2540.44 500.155 346.365
2633.37 -101.947 339.826
2587.66 -726.67 331.651
2397.76 -1342.14 321.878
2065.44 -1915.11 310.555
1600.14 -2412.68 297.737
1018.88 -2804.02 283.485
345.847 -3062.16 267.868
-388.507 -3165.62 250.961
-1148.71 -3099.88 232.845
-1895.85 -2858.57 213.608
-2589.44 -2444.24 193.343
-3189.52 -1868.79 172.146
-3658.71 -1153.36 150.121
-3964.45 -327.727 127.372
-4080.94 570.73 104.01
-3990.93 1498.61 80.1474
-3687.11 2408.43 55.8987
-3173.1 3250.89 31.3808
-2463.89 3977.41 6.71174
-1585.67 4542.75 -17.9896
-575.154 4907.57 -42.6044
521.822 5040.89 -67.0139
1652.16 4922.22 -91.1008
2757.89 4543.23 -114.749
3779.02 3908.95 -137.844
4656.52 3038.21 -160.276
5335.58 1963.5 -181.936
5768.72 730.018 -202.72
5918.74 -606 -222.528
5761.33 -1979.6 -241.264
5287.06 -3320.07 -258.838
4502.76 -4554.33 -275.165
3432.11 -5610.72 -290.168
2115.37 -6422.82 -303.773
608.19 -6933.34 -315.916
-1020.45 -7097.66 -326.537
-2691.12 -6886.92 -335.585
-4317.52 -6290.51 -343.018
-5810.72 -5317.63 -348.799
-7083.65 -3998.02 -352.9
-8055.91 -2381.54 -355.301
-8658.34 -536.695 -355.992
-8837.42 1451.91 -354.968
-8558.96 3487.13 -352.235
-7811.07 5463.7 -347.806
-6606.07 7273.35 -341.701
-4981.24 8810.37 -333.952
-2998.33 9977.38 -324.594
-741.636 10691 -313.673
1685.08 10886.9 -301.241
4163.05 10524.8 -287.359
6563.84 9591.35 -272.093
8755.68 8102.94 -255.517
10610.2 6106.29 -237.71
12009.6 3677.81 -218.759
12853.1 921.244 -198.754
13063.8 -2036.2 -177.792
12593.9 -5049.3 -155.973
11428.9 -7961.4 -133.404
9590.12 -10612.2 -110.192
7136.24 -12845.7 -86.4498
4161.73 -14519.4 -62.2911
794.263 -15511.8 -37.8324
-2810.25 -15730.7 -13.1915
-6474.24 -15119.7 11.5129
-10006.7 -13662.8 36.1618
-13212.4 -11388.2 60.6366
-15902.3 -8369.24 84.8195
-17903.6 -4722.72 108.594
-19070 -605.701 131.845
-19291 3790.7 154.462
-18499.8 8249.43 176.334
-16679.7 12537.5 197.358
-13867.2 16417.6 217.431
-10153.8 19660 236.457
-5684.25 22055.6 254.344
-651.524 23428.1 271.007
4710.11 23645.3 286.364
10135.4 22628.4 300.343
15340.2 20359.7 312.875
20035.7 16886.8 323.9
23943.2 12324 333.366
26809.8 6849.95 341.226
28422.8 702.23 347.444
28624.1 -5832.19 351.987
27320.9 -12429.1 354.836
24495.1 -18742.2 355.976
20208.2 -24420 355.402
14602.8 -29124.4 353.117
7899.92 -32549.2 349.131
391.394 -34438.5 343.463
-7571.1 -34602.8 336.142
-15591.4 -32933.3 327.202
-23247.2 -29411.8 316.686
-30111.1 -24117.9 304.646
-35772.8 -17229.3 291.138
-39862.1 -9018.95 276.228
-42070.4 154.279 259.988
-42171.3 9859.6 242.496
-40036.8 19612.9 223.836
-35650.4 28899.6 204.098
-29113.7 37199.6 183.378
-20648.7 44015.4 161.774
-10592.3 48898.9 139.392
614.502 51478.7 116.338
12443.9 51484.1 92.7235
24304.6 48765.2 68.6628
35569.2 43307.9 44.2715
45605.3 35242.6 19.6669
53809.3 24845.6 -5.03229
59639.5 12533.1 -29.7073
62648.7 -1153.05 -54.2393
62513.4 -15566.5 -78.51
59058.1 -29984.9 -102.403
52273.3 -43643.5 -125.802
42325.7 -55773.5 -148.596
29559.3 -65642.6 -170.674
14487.8 -72595.9 -191.93
-2223.01 -76095.1 -212.262
-19781.7 -75753.9 -231.572
-37305.9 -71367.2 -249.767
-53863.7 -62932.9 -266.759
-68520.4 -50663.4 -282.466
-80387.8 -34986.8 -296.813
-88674.1 -16537 -309.731
-92731.6 3868.2 -321.157
-92099.2 25259.6 -331.036
-86537.9 46559.6 -339.322
-76056.3 66632.7 -345.973
-60924.7 84342.4 -350.959
-41675.6 98611.8 -354.254
-19091.1 108484 -355.843
5824.44 113179 -355.719
31884.6 112148 -353.882
57773.1 105112 -350.34
82106.7 92095.4 -345.112
103504 73441.7 -338.221
120659 49812.8 -329.702
132415 22173.3 -319.595
137835 -8243.5 -307.949
136263 -39985.1 -294.82
127376 -71444.5 -280.271
111221 -100936 -264.373
88232.9 -126781 -247.201
59234.3 -147396 -228.84
25414.7 -161384 -209.376
-11711.7 -167617 -188.903
-50367.1 -165314 -167.522
-88589.4 -154102 -145.333
-124325 -134058 -122.445
-155534 -105732 -98.9665
-180298 -70146.6 -75.0118
-196927 -28767.2 -50.6959
-204067 16546.9 -26.1358
-200787 63620 -1.44995
-186657 110057 23.2429
-161795 153356 47.8239
-126897 191038 72.1745
-83231 220778 96.1776
-32605.1 240535 119.718
22699.5 248681 142.681
80020.3 244111 164.957
136433 226326 186.439
188892 195503 207.023
234385 152520 226.611
270092 98949.7 245.106
293551 37020.5 262.422
302805 -30467.9 278.474
296539 -100258 293.185
274183 -168781 306.484
235987 -232327 318.307
183060 -287236 328.597
117352 -330092 337.305
41607.4 -357922 344.388
-40737.7 -368377 349.813
-125698 -359891 353.554
-208918 -331814 355.592
-285880 -284500 355.917
-352139 -219339 354.529
-403556 -138752 351.433
-436540 -46119.3 346.645
-448272 54344.5 340.188
-436894 157764 332.092
-401666 258823 322.397
-343072 352024 311.15
-262863 431964 298.404
-164039 493631 284.222
-50761.9 532692 268.67
71798.1 545760 251.825
197678 530633 233.767
320391 486474 214.583
433243 413939 194.366
529673 315229 173.213
603611 194059 151.226
649827 55553.1 128.511
664258 -93946.5 105.177
644292 -247147 81.3359
588989 -396135 57.1035
499232 -532762 32.5961
377779 -649059 7.93171
229234 -737676 -16.7708
59903.6 -792302 -41.3926
-122435 -808064 -65.8151
-308864 -781868 -89.9206
-489730 -712667 -113.593
-655112 -601632 -136.719
-795336 -452226 -159.186
-901502 -270145 -180.886
-965996 -63151.5 -201.716
-982976 159219 -221.574
-948781 386061 -240.365
-862252 605599 -257.998
-724937 805760 -274.389
-541174 974799 -289.459
-318012 1.10194e+06 -303.135
-65003.1 1.178e+06 -315.351
206163 1.19598e+06 -326.049
482154 1.15154e+06 -335.176
748606 1.04342e+06 -342.689
990829 873664 -348.552
1.19456e+06 647685 -352.737
1.34676e+06 374211 -355.223
1.43636e+06 64990.5 -355.998
1.45495e+06 -265646 -355.059
1.39745e+06 -601399 -352.41
1.26246e+06 -924754 -348.064
1.05265e+06 -1.21783e+06 -342.042
774815 -1.46333e+06 -334.373
439732 -1.64545e+06 -325.093
61857.4 -1.75085e+06 -314.248
-341247 -1.76948e+06 -301.89
-749659 -1.69531e+06 -288.078
-1.14202e+06 -1.52689e+06 -272.878
-1.49657e+06 -1.26767e+06 -256.365
-1.79232e+06 -926132 -238.617
-2.01014e+06 -515615 -219.72
-2.13396e+06 -53891.9 -199.765
-2.15175e+06 437515 -178.848
-2.05639e+06 934257 -157.069
-1.84638e+06 1.41029e+06 -134.535
-1.5262e+06 1.83915e+06 -111.352
-1.10642e+06 2.19535e+06 -87.633
-603553 2.45575e+06 -63.4921
-39434 2.60099e+06 -39.0455
559562 2.61667e+06 -14.4108
1.16368e+06 2.49442e+06 10.2932
1.74116e+06 2.23271e+06 34.9477
2.25982e+06 1.83733e+06 59.4339
2.68873e+06 1.3215e+06 83.6339
2.9999e+06 705572 107.431
3.17e+06 16420.5 130.711
3.18179e+06 -713647 153.361
3.02546e+06 -1.44827e+06 175.273
2.69953e+06 -2.14874e+06 196.341
2.21144e+06 -2.77591e+06 216.464
1.57766e+06 -3.29224e+06 235.543
823364 -3.66389e+06 253.489
-18438.8 -3.86275e+06 270.214
-908167 -3.86822e+06 285.638
-1.8014e+06 -3.66877e+06 299.686
-2.65094e+06 -3.26308e+06 312.291
-3.40919e+06 -2.6607e+06 323.392
-4.0306e+06 -1.88215e+06 332.936
-4.47426e+06 -958511 340.877
-4.7063e+06 69646.3 347.176
-4.70211e+06 1.15384e+06 351.803
-4.44819e+06 2.23981e+06 354.736
-3.9435e+06 3.27002e+06 355.96
-3.20025e+06 4.1866e+06 355.471
-2.24401e+06 4.93429e+06 353.27
-1.11314e+06 5.46362e+06 349.367
142495 5.73381e+06 343.782
1.46353e+06 5.71548e+06 336.542
2.78368e+06 5.39283e+06 327.681
4.03284e+06 4.76529e+06 317.242
5.14062e+06 3.84846e+06 305.275
6.04001e+06 2.67417e+06 291.838
6.67121e+06 1.28975e+06 276.996
6.98512e+06 -243537 260.82
6.94667e+06 -1.853e+06 243.388
6.53742e+06 -3.45766e+06 224.784
5.75754e+06 -4.97211e+06 205.097
4.62687e+06 -6.31075e+06 184.423
3.18502e+06 -7.39234e+06 162.86
1.49042e+06 -8.14456e+06 140.514
-381717 -8.50836e+06 117.49
-2.34237e+06 -8.44188e+06 93.9011
-4.29265e+06 -7.92364e+06 69.8597
-6.12849e+06 -6.95489e+06 45.482
-7.74583e+06 -5.56085e+06 20.8852
-9.04616e+06 -3.79077e+06 -3.81215
-9.94207e+06 -1.71673e+06 -28.4911
-1.03625e+07 568897 -53.0329
-1.02576e+07 2.95713e+06 -77.3194
-9.60234e+06 5.32722e+06 -101.233
-8.39952e+06 7.55237e+06 -124.66
-6.68116e+06 9.50608e+06 -147.486
-4.50847e+06 1.10689e+07 -169.602
-1.97033e+06 1.21353e+07 -190.902
819825 1.26197e+07 -211.282
3.7286e+06 1.24628e+07 -230.644
6.60856e+06 1.16354e+07 -248.896
9.30521e+06 1.01426e+07 -265.949
1.16648e+07 8.025e+06 -281.722
1.35427e+07 5.35851e+06 -296.138
1.48111e+07 2.25279e+06 -309.127
1.53673e+07 -1.15292e+06 -320.628
1.51406e+07 -4.69534e+06 -330.586
1.40973e+07 -8.19447e+06 -338.951
1.22455e+07 -1.14621e+07 -345.684
9.63638e+06 -1.43115e+07 -350.752
6.36437e+06 -1.65671e+07 -354.131
2.56459e+06 -1.80748e+07 -355.805
-1.59204e+06 -1.87111e+07 -355.765
-5.90571e+06 -1.83915e+07 -354.012
-1.01567e+07 -1.70777e+07 -350.555
-1.41157e+07 -1.47814e+07 -345.409
-1.75558e+07 -1.15674e+07 -338.6
-2.02644e+07 -7.55296e+06 -330.16
-2.20551e+07 -2.90454e+06 -320.131
-2.27797e+07 2.16805e+06 -308.559
-2.23378e+07 7.42034e+06 -295.502
-2.0685e+07 1.25841e+07 -281.022
-1.78387e+07 1.73802e+07 -265.189
-1.38805e+07 2.15328e+07 -248.078
-8.95587e+06 2.47841e+07 -229.773
-3.26995e+06 2.69094e+07 -210.361
2.91983e+06 2.77305e+07 -189.937
9.31434e+06 2.71279e+07 -168.597
1.55862e+07 2.5051e+07 -146.446
2.13955e+07 2.15243e+07 -123.59
2.64071e+07 1.66506e+07 -100.138
3.03088e+07 1.06103e+07 -76.2042
3.28292e+07 3.6561e+06 -51.9034
3.37541e+07 -3.89615e+06 -27.3526
3.29419e+07 -1.16805e+07 -2.67017
3.03347e+07 -1.92974e+07 22.0252
2.59665e+07 -2.6333e+07 46.6144
1.99668e+07 -3.23802e+07 70.9792
1.25591e+07 -3.70608e+07 95.0022
4.05472e+06 -4.0047e+07 118.568
-5.15895e+06 -4.10819e+07 141.562
-1.46342e+07 -3.99972e+07 163.875
-2.38836e+07 -3.67274e+07 185.399
-3.24032e+07 -3.1319e+07 206.029
-3.96985e+07 -2.39347e+07 225.668
-4.53114e+07 -1.48514e+07 244.22
-4.88463e+07 -4.45233e+06 261.596
-4.9995e+07 6.78712e+06 277.712
-4.85578e+07 1.83195e+07 292.491
-4.44608e+07 2.95499e+07 305.861
-3.77667e+07 3.9865e+07 317.758
-2.86799e+07 4.86643e+07 328.126
-1.75435e+07 5.53928e+07 336.913
-4.82917e+06 5.95733e+07 344.077
8.88007e+06 6.08358e+07 349.585
2.29147e+07 5.89439e+07 353.409
3.6549e+07 5.38147e+07 355.531
4.90362e+07 4.55322e+07 355.942
5.96473e+07 3.43526e+07 354.638
6.77101e+07 2.07009e+07 351.626
7.26489e+07 5.15754e+06 346.921
7.40201e+07 -1.15625e+07 340.545
7.15437e+07 -2.86406e+07 332.53
6.51274e+07 -4.51914e+07 322.913
5.48829e+07 -6.0306e+07 311.741
4.11312e+07 -7.30992e+07 299.068
2.43982e+07 -8.27572e+07 284.955
5.39848e+06 -8.85856e+07 269.469
-1.49916e+07 -9.00524e+07 252.686
-3.5771e+07 -8.68266e+07 234.686
-5.58597e+07 -7.88065e+07 215.556
-7.41519e+07 -6.61393e+07 195.388
-8.95727e+07 -4.92268e+07 174.278
-1.01137e+08 -2.87199e+07 152.33
-1.08007e+08 -5.49771e+06 129.648
-1.09546e+08 1.93654e+07 106.342
-1.05361e+08 4.46457e+07 82.5234
-9.5344e+07 6.9026e+07 58.3076
-7.96859e+07 9.11605e+07 33.811
-5.889e+07 1.09744e+08 9.1516
-3.37614e+07 1.23585e+08 -15.5519
-5.38141e+06 1.31673e+08 -40.1804
2.4933e+07 1.33245e+08 -64.6155
5.56859e+07 1.27838e+08 -88.7394
8.5271e+07 1.15334e+08 -112.436
1.12051e+08 9.59849e+07 -135.591
1.34441e+08 7.04185e+07 -158.093
1.51e+08 3.96305e+07 -179.834
1.60509e+08 4.95098e+06 -200.709
1.62054e+08 -3.20062e+07 -220.617
1.55091e+08 -6.94125e+07 -239.463
1.39494e+08 -1.05309e+08 -257.156
1.15591e+08 -1.37705e+08 -273.61
8.41651e+07 -1.64676e+08 -288.747
4.6448e+07 -1.84477e+08 -302.494
4.07508e+06 -1.9564e+08 -314.783
-4.0976e+07 -1.97072e+08 -325.557
-8.64705e+07 -1.88131e+08 -334.763
-1.30021e+08 -1.68689e+08 -342.357
-1.69202e+08 -1.39167e+08 -348.302
-2.01683e+08 -1.00546e+08 -352.57
-2.25351e+08 -5.43468e+07 -355.14
-2.38436e+08 -2.5794e+06 -356
-2.39632e+08 5.23327e+07 -355.145
-2.28183e+08 1.07659e+08 -352.581
-2.03961e+08 1.60487e+08 -348.318
-1.67511e+08 2.0787e+08 -342.378
-1.20055e+08 2.46977e+08 -334.789
-6.34727e+07 2.75252e+08 -325.588
-234628 2.90565e+08 -314.82
6.66901e+07 2.91352e+08 -302.535
1.33965e+08 2.76726e+08 -288.793
1.98041e+08 2.46569e+08 -273.66
2.55332e+08 2.01576e+08 -257.21
3.02404e+08 1.43275e+08 -239.521
3.36167e+08 7.39837e+07 -220.679
3.54056e+08 -3.25845e+06 -200.774
3.54198e+08 -8.48156e+07 -179.902
3.35556e+08 -1.66611e+08 -158.163
2.98028e+08 -2.4432e+08 -135.663
2.42506e+08 -3.1358e+08 -112.51
1.70891e+08 -3.70227e+08 -88.8152
8.60486e+07 -4.10522e+08 -64.6924
-8.2889e+06 -4.31376e+08 -40.2581
-1.07668e+08 -4.30555e+08 -15.63
-2.07108e+08 -4.06842e+08 9.07342
-3.01338e+08 -3.60166e+08 33.7331
-3.85054e+08 -2.91668e+08 58.2304
-4.53204e+08 -2.03715e+08 82.4473
-5.01269e+08 -9.98429e+07 106.267
-5.2553e+08 1.53614e+07 129.575
-5.23317e+08 1.36444e+08 152.259
-4.9321e+08 2.57323e+08 174.21
-4.35185e+08 3.71572e+08 195.322
-3.507e+08 4.72744e+08 215.494
-2.42698e+08 5.54713e+08 234.627
-1.15544e+08 6.12012e+08 252.631
2.51279e+07 6.40169e+08 269.418
1.7264e+08 6.35996e+08 284.908
3.19563e+08 5.97836e+08 299.026
4.58067e+08 5.2574e+08 311.703
5.80315e+08 4.2156e+08 322.88
6.78876e+08 2.8896e+08 332.502
7.47144e+08 1.33325e+08 340.523
7.79737e+08 -3.84268e+07 346.904
7.72853e+08 -2.18119e+08 351.614
7.24563e+08 -3.96679e+08 354.631
6.35025e+08 -5.64566e+08 355.94
5.06591e+08 -7.12254e+08 355.535
3.43817e+08 -8.30733e+08 353.418
1.53343e+08 -9.12019e+08 349.6
-5.63337e+07 -9.49638e+08 344.097
-2.75204e+08 -9.39059e+08 336.938
-4.92189e+08 -8.7804e+08 328.156
-6.95668e+08 -7.6689e+08 317.794
-8.74059e+08 -6.08592e+08 305.901
-1.01644e+09 -4.08807e+08 292.535
-1.11316e+09 -1.75724e+08 277.761
-1.15644e+09 8.02252e+07 261.649
-1.14088e+09 3.46789e+08 244.277
-1.06389e+09 6.10441e+08 225.729
-9.25967e+08 8.57023e+08 206.093
-7.30907e+08 1.07246e+09 185.465
-4.85732e+08 1.24351e+09 163.944
-2.00542e+08 1.35853e+09 141.634
1.1186e+08 1.40815e+09 118.641
4.36477e+08 1.38593e+09 95.0775
7.56797e+08 1.2889e+09 71.0558
1.05557e+09 1.11783e+09 46.6919
1.31571e+09 8.77526e+08 22.1032
1.52114e+09 5.76696e+08 -2.59197
1.65781e+09 2.27789e+08 -27.2747
1.71446e+09 -1.53476e+08 -51.826
1.68343e+09 -5.48751e+08 -76.1278
1.56128e+09 -9.37876e+08 -100.063
1.3492e+09 -1.29985e+09 -123.516
1.05321e+09 -1.61389e+09 -146.375
6.84148e+08 -1.86054e+09 -168.528
2.57339e+08 -2.02281e+09 -189.87
-2.07922e+08 -2.08719e+09 -210.298
-6.89184e+08 -2.04456e+09 -229.713
-1.16184e+09 -1.89098e+09 -248.022
-1.60032e+09 -1.62814e+09 -265.136
-1.97936e+09 -1.26365e+09 -280.974
-2.27541e+09 -8.10939e+08 -295.459
-2.46793e+09 -2.88894e+08 -308.52
-2.54069e+09 2.78811e+08 -320.096
-2.48289e+09 8.64707e+08 -330.131
-2.28998e+09 1.43877e+09 -338.576
-1.96437e+09 1.96984e+09 -345.39
-1.51562e+09 2.42726e+09 -350.541
-9.60372e+08 2.78247e+09 -354.004
-3.21914e+08 3.01069e+09 -355.762
3.70719e+08 3.09243e+09 -355.807
1.08393e+09 3.01484e+09 -354.139
1.78106e+09 2.77279e+09 -350.765
2.42421e+09 2.36955e+09 -345.702
2.97609e+09 1.81717e+09 -338.975
3.40214e+09 1.13627e+09 -330.615
3.67244e+09 3.55529e+08 -320.662
3.76359e+09 -4.8944e+08 -309.166
3.66035e+09 -1.35753e+09 -296.181
3.35691e+09 -2.20404e+09 -281.769
2.85772e+09 -2.98279e+09 -266.001
2.17791e+09 -3.64853e+09 -248.952
1.34305e+09 -4.15936e+09 -230.704
3.88417e+08 -4.47919e+09 -211.344
-6.42287e+08 -4.57995e+09 -190.968
-1.6988e+09 -4.44357e+09 -169.671
-2.72656e+09 -4.0635e+09 -147.557
-3.66938e+09 -3.44574e+09 -124.733
-4.47228e+09 -2.60927e+09 -101.308
-5.08455e+09 -1.58576e+09 -77.3957
-5.46262e+09 -4.18651e+08 -53.1103
-5.57283e+09 8.38487e+08 -28.5691
-5.39375e+09 2.12418e+09 -3.89035
-4.9181e+09 3.37187e+09 20.8071
-4.15387e+09 4.51315e+09 45.4044
-3.12484e+09 5.48129e+09 69.7831
-1.87023e+09 6.21485e+09 93.8256
-4.43495e+08 6.66129e+09 117.416
1.08967e+09 6.78024e+09 140.442
2.6541e+09 6.54636e+09 162.791
4.1686e+09 5.95156e+09 184.356
5.54993e+09 5.00643e+09 205.033
6.71704e+09 3.74075e+09 224.723
7.59559e+09 2.20307e+09 243.331
8.12217e+09 4.59148e+08 260.767
8.24841e+09 -1.41046e+09 276.947
7.94435e+09 -3.31385e+09 291.794
7.20111e+09 -5.15202e+09 305.235
6.03262e+09 -6.82363e+09 317.206
4.47617e+09 -8.23032e+09 327.65
2.59178e+09 -9.28207e+09 336.516
4.60401e+08 -9.90244e+09 343.762
-1.81925e+09 -1.00335e+10 349.352
-4.13482e+09 -9.63975e+09 353.26
-6.36555e+09 -8.71169e+09 355.467
-8.38816e+09 -7.2675e+09 355.962
-1.00832e+10 -5.35381e+09 354.742
-1.13418e+10 -3.04486e+09 351.815
-1.20717e+10 -4.40214e+08 347.193
-1.22036e+10 2.33913e+09 340.899
-1.16956e+10 5.15585e+09 332.964
-1.05375e+10 7.86267e+09 323.425
-8.75312e+09 1.03096e+10 312.329
-6.40061e+09 1.23517e+10 299.728
-3.57182e+09 1.38571e+10 285.684
-3.89158e+08 1.47147e+10 270.265
2.99907e+09 1.48415e+10 253.544
6.42504e+09 1.41881e+10 235.602
9.70916e+09 1.2744e+10 216.526
1.2669e+10 1.05399e+10 196.406
1.51285e+10 7.64847e+09 175.341
1.69284e+10 4.18323e+09 153.432
1.79346e+10 2.94707e+08 130.784
1.80477e+10 -3.83538e+09 107.506
1.72098e+10 -8.00194e+09 83.7099
1.54102e+10 -1.1986e+10 59.511
1.26883e+10 -1.55656e+10 35.0255
9.1351e+09 -1.85274e+10 10.3714
4.89077e+09 -2.06782e+10 -14.3327
1.40346e+08 -2.18568e+10 -38.9678
-4.89353e+09 -2.19443e+10 -63.4152
-9.96026e+09 -2.08725e+10 -87.5572
-1.47929e+10 -1.8631e+10 -111.278
-1.91215e+10 -1.52708e+10 -134.462
-2.2687e+10 -1.09051e+10 -156.999
-2.52559e+10 -5.70717e+09 -178.78
-2.66342e+10 9.55832e+07 -199.7
-2.66793e+10 6.23042e+09 -219.658
-2.53116e+10 1.23911e+10 -238.559
-2.25214e+10 1.82523e+10 -256.311
-1.83742e+10 2.34857e+10 -272.828
-1.30111e+10 2.7777e+10 -288.032
-6.64612e+09 3.08439e+10 -301.848
4.41333e+08 3.24525e+10 -314.211
7.91716e+09 3.24327e+10 -325.061
1.54073e+10 3.0691e+10 -334.346
2.25151e+10 2.72196e+10 -342.02
2.88414e+10 2.21024e+10 -348.048
3.40049e+10 1.55152e+10 -352.399
3.76643e+10 7.72206e+09 -355.053
3.95379e+10 -9.33596e+08 -355.998
3.94226e+10 -1.00426e+10 -355.228
3.72089e+10 -1.91481e+10 -352.747
3.28924e+10 -2.77666e+10 -348.568
2.65799e+10 -3.54127e+10 -342.71
1.84905e+10 -4.16241e+10 -335.202
8.9499e+09 -4.5988e+10 -326.08
-1.61984e+09 -4.81654e+10 -315.387
-1.27178e+10 -4.79138e+10 -303.176
-2.37857e+10 -4.51054e+10 -289.505
-3.42347e+10 -3.97406e+10 -274.439
-4.34745e+10 -3.19556e+10 -258.052
-5.09444e+10 -2.20229e+10 -240.423
-5.61454e+10 -1.03445e+10 -221.635
-5.86696e+10 2.56126e+09 -201.78
-5.82277e+10 1.6081e+10 -180.954
-5.46706e+10 2.9533e+10 -159.256
-4.80062e+10 4.21996e+10 -136.791
-3.84076e+10 5.33633e+10 -113.667
-2.62134e+10 6.23442e+10 -89.9963
-1.19199e+10 6.85391e+10 -65.892
3.8365e+09 7.14575e+10 -41.4703
2.03048e+10 7.07541e+10 -16.849
3.66527e+10 6.62558e+10 7.85353
5.20057e+10 5.79807e+10 32.5182
6.54914e+10 4.61486e+10 57.0263
7.62859e+10 3.11805e+10 81.2597
8.36601e+10 1.36884e+10 105.102
8.70239e+10 -5.54635e+09 128.438
8.59659e+10 -2.56044e+10 151.155
8.02854e+10 -4.54693e+10 173.145
7.0015e+10 -6.4076e+10 194.301
5.54331e+10 -8.0364e+10 214.521
3.70629e+10 -9.33345e+10 233.708
1.56588e+10 -1.02107e+11 251.77
-7.81967e+09 -1.05971e+11 268.619
-3.22474e+10 -1.04437e+11 284.175
-5.63835e+10 -9.72729e+10 298.362
-7.89304e+10 -8.45315e+10 311.112
-9.85994e+10 -6.65649e+10 322.364
-1.1418e+11 -4.40226e+10 332.064
-1.24607e+11 -1.78348e+10 340.165
-1.2903e+11 1.08208e+10 346.627
-1.26863e+11 4.05672e+10 351.421
-1.17839e+11 6.98896e+10 354.522
-1.02039e+11 9.72074e+10 355.916
-7.99064e+10 1.20955e+11 355.596
-5.22487e+10 1.39665e+11 353.563
-2.02118e+10 1.52051e+11 349.828
1.47589e+10 1.5709e+11 344.408
5.09784e+10 1.54087e+11 337.33
8.65975e+10 1.42734e+11 328.627
1.19692e+11 1.23148e+11 318.342
1.48358e+11 9.58904e+10 306.524
1.70818e+11 6.19613e+10 293.229
1.85521e+11 2.27734e+10 278.523
1.91234e+11 -1.98998e+10 262.475
1.87133e+11 -6.39965e+10 245.163
1.72865e+11 -1.0726e+11 226.671
1.48596e+11 -1.47346e+11 207.087
1.15033e+11 -1.81943e+11 186.506
7.34161e+10 -2.08897e+11 165.027
2.54864e+10 -2.26334e+11 142.753
-2.65804e+10 -2.32775e+11 119.791
-8.0262e+10 -2.2724e+11 96.2529
-1.32804e+11 -2.09327e+11 72.2511
-1.81353e+11 -1.79266e+11 47.9014
-2.231e+11 -1.37948e+11 23.321
-2.55436e+11 -8.69093e+10 -1.37175
-2.76098e+11 -2.82944e+10 -26.0579
-2.83312e+11 3.52273e+10 -50.6185
-2.75912e+11 1.00571e+11 -74.9353
-2.53444e+11 1.64375e+11 -98.8913
-2.16223e+11 2.23165e+11 -122.371
-1.65368e+11 2.7353e+11 -145.262
-1.02783e+11 3.12308e+11 -167.453
-3.1109e+10 3.3677e+11 -188.837
4.638e+10 3.44785e+11 -209.312
1.2591e+11 3.34972e+11 -228.78
2.03381e+11 3.06816e+11 -247.145
2.74563e+11 2.60745e+11 -264.321
3.35312e+11 1.98163e+11 -280.223
3.818e+11 1.21432e+11 -294.776
4.10732e+11 3.37986e+10 -307.91
4.19553e+11 -6.07193e+10 -319.56
4.06626e+11 -1.57507e+11 -329.672
3.71373e+11 -2.51562e+11 -338.197
3.14368e+11 -3.37734e+11 -345.092
2.37372e+11 -4.10994e+11 -350.326
1.43307e+11 -4.66704e+11 -353.873
3.61736e+10 -5.00888e+11 -355.716
-7.91037e+10 -5.10484e+11 -355.845
-1.96882e+11 -4.93551e+11 -354.262
-3.11057e+11 -4.49449e+11 -350.972
-4.15362e+11 -3.78937e+11 -345.992
-5.0369e+11 -2.84224e+11 -339.346
-5.70425e+11 -1.68927e+11 -331.065
-6.10772e+11 -3.79679e+10 -321.191
-6.21058e+11 1.02614e+11 -309.769
-5.98989e+11 2.4592e+11 -296.856
-5.43858e+11 3.84504e+11 -282.514
-4.56668e+11 5.1074e+11 -266.811
-3.40182e+11 6.17211e+11 -249.823
-1.98879e+11 6.97121e+11 -231.632
-3.8814e+10 7.44687e+11 -212.325
1.3261e+11 7.55505e+11 -191.996
3.06959e+11 7.26867e+11 -170.743
4.75151e+11 6.57999e+11 -148.667
6.27905e+11 5.50218e+11 -125.875
7.56219e+11 4.06982e+11 -102.478
8.51866e+11 2.3383e+11 -78.5863
9.07872e+11 3.82116e+10 -54.3165
9.18963e+11 -1.708e+11 -29.7852
8.81941e+11 -3.82894e+11 -5.11049
7.95974e+11 -5.86995e+11 19.5889
6.62781e+11 -7.71811e+11 44.1939
4.86683e+11 -9.26415e+11 68.5861
2.74531e+11 -1.04085e+12 92.648
3.54871e+10 -1.10671e+12 116.264
-2.19329e+11 -1.11767e+12 139.32
-4.77313e+11 -1.06997e+12 161.705
-7.24961e+11 -9.62733e+11 183.311
-9.48534e+11 -7.98182e+11 204.034
-1.13477e+12 -5.81722e+11 223.775
-1.27162e+12 -3.2182e+11 242.439
-1.34895e+12 -2.97421e+10 259.935
-1.3592e+12 2.80884e+11 276.179
-1.29794e+12 5.94655e+11 291.093
-1.16424e+12 8.95105e+11 304.605
-9.61013e+11 1.16552e+12 316.651
-6.94985e+11 1.38981e+12 327.171
-3.76626e+11 1.55339e+12 336.116
-1.97871e+10 1.64405e+12 343.443
3.58835e+11 1.65276e+12 349.115
7.40416e+11 1.57428e+12 353.107
1.10488e+12 1.40771e+12 355.398
1.43191e+12 1.15677e+12 355.977
1.70195e+12 8.29885e+11 354.843
1.89739e+12 4.3997e+11 351.999
2.00352e+12 4.05744e+09 347.461
2.0095e+12 -4.57398e+11 341.249
1.90922e+12 -9.21397e+11 333.394
1.70181e+12 -1.36347e+12 323.933
1.39206e+12 -1.75888e+12 312.912
9.90453e+11 -2.08395e+12 300.385
5.12959e+11 -2.31733e+12 286.411
-1.94935e+10 -2.44133e+12 271.058
-5.81849e+11 -2.443e+12 254.399
-1.14601e+12 -2.31514e+12 236.516
-1.68214e+12 -2.05702e+12 217.493
-2.16017e+12 -1.67477e+12 197.423
-2.55137e+12 -1.18144e+12 176.402
-2.82992e+12 -5.96774e+11 154.532
-2.97451e+12 5.35304e+10 131.918
-2.96968e+12 7.38779e+11 108.668
-2.80701e+12 1.42464e+12 84.8954
-2.48596e+12 2.07477e+12 60.7137
-2.01435e+12 2.65259e+12 36.2396
-1.40847e+12 3.12324e+12 11.591
-6.9265e+11 3.45553e+12 -13.1134
1.01508e+11 3.62378e+12 -37.7546
9.36422e+11 3.60954e+12 -62.2141
1.77016e+12 3.40296e+12 -86.3739
2.55842e+12 3.00383e+12 -110.118
3.25674e+12 2.42213e+12 -133.331
3.82284e+12 1.67812e+12 -155.903
4.219e+12 8.01843e+11 -177.724
4.41433e+12 -1.67887e+11 -198.689
4.38679e+12 -1.18505e+12 -218.697
4.12491e+12 -2.19844e+12 -237.652
3.62895e+12 -3.15407e+12 -255.462
2.91163e+12 -3.99787e+12 -272.043
1.99815e+12 -4.67859e+12 -287.313
9.25583e+11 -5.15062e+12 -301.2
-2.58413e+11 -5.37679e+12 -313.636
-1.49749e+12 -5.33084e+12 -324.562
-2.72911e+12 -4.99937e+12 -333.925
-3.88749e+12 -4.38339e+12 -341.68
-4.90691e+12 -3.49905e+12 -347.789
-5.72521e+12 -2.37768e+12 -352.224
-6.2873e+12 -1.065e+12 -354.962
-6.54846e+12 3.80458e+11 -355.991
-6.47734e+12 1.88971e+12 -355.306
-6.05843e+12 3.38639e+12 -352.91
-5.29373e+12 4.79036e+12 -348.814
-4.20373e+12 6.02173e+12 -343.039
-2.82736e+12 7.00516e+12 -335.611
-1.22101e+12 7.67404e+12 -326.568
5.4346e+11 7.97463e+12 -315.952
2.38161e+12 7.86957e+12 -303.814
4.2002e+12 7.34087e+12 -290.213
5.9016e+12 6.39196e+12 -275.215
7.38873e+12 5.04878e+12 -258.891
8.57025e+12 3.35968e+12 -241.321
9.36569e+12 1.39419e+12 -222.589
9.71043e+12 -7.59474e+11 -202.784
9.56e+12 -2.99797e+12 -182.003
8.89359e+12 -5.20747e+12 -160.346
7.7166e+12 -7.26905e+12 -137.917
6.0618e+12 -9.06473e+12 -114.823
3.98923e+12 -1.04838e+13 -91.1764
1.58458e+12 -1.14291e+13 -67.0907
-1.04386e+12 -1.18229e+13 -42.682
-3.76963e+12 -1.16123e+13 -18.0677
-6.45376e+12 -1.07733e+13 6.63355
-8.95143e+12 -9.31399e+12 31.3029
-1.11193e+13 -7.27572e+12 55.8215
-1.28231e+13 -4.73299e+12 80.0712
-1.39456e+13 -1.7914e+12 103.935
-1.43934e+13 1.41614e+12 127.299
-1.41035e+13 4.73492e+12 150.05
-1.30485e+13 7.9953e+12 172.078
-1.12399e+13 1.10209e+13 193.277
-8.72981e+12 1.36376e+13 213.546
-5.61072e+12 1.56827e+13 232.786
-2.01272e+12 1.70145e+13 250.905
1.90113e+12 1.7521e+13 267.817
5.94151e+12 1.71273e+13 283.438
9.9014e+12 1.58021e+13 297.694
1.3566e+13 1.35613e+13 310.517
1.67238e+13 1.04709e+13 321.845
1.91777e+13 6.64536e+12 331.622
2.07567e+13 2.24496e+12 339.803
2.13261e+13 -2.53023e+12 346.347
2.07971e+13 -7.44862e+12 351.224
1.9134e+13 -1.22576e+13 354.409
1.6359e+13 -1.66956e+13 355.887
1.25548e+13 -2.05056e+13 355.652
7.86344e+12 -2.34491e+13 353.704
2.4823e+12 -2.53194e+13 350.052
-3.3432e+12 -2.5955e+13 344.715
-9.32978e+12 -2.52504e+13 337.718
-1.51692e+13 -2.31652e+13 329.094
-2.0543e+13 -1.97297e+13 318.886
-2.51392e+13 -1.50479e+13 307.142
-2.86685e+13 -9.29556e+12 293.919
-3.08818e+13 -2.71584e+12 279.281
-3.15853e+13 4.39026e+12 263.298
-3.06537e+13 1.16763e+13 246.047
-2.80417e+13 1.87662e+13 227.61
-2.379e+13 2.52723e+13 208.078
-1.80291e+13 3.08155e+13 187.544
-1.09769e+13 3.50459e+13 166.107
-2.93257e+12 3.76626e+13 143.87
5.73477e+12 3.8433e+13 120.94
1.46014e+13 3.72091e+13 97.4271
2.32085e+13 3.39398e+13 73.4455
3.10844e+13 2.86798e+13 49.1102
3.77685e+13 2.15926e+13 24.5384
4.28372e+13 1.29479e+13 -0.151517
4.59275e+13 3.11395e+12 -24.8407
4.67605e+13 -7.45658e+12 -49.4103
4.5161e+13 -1.82456e+13 -73.742
4.10725e+13 -2.86935e+13 -97.7186
3.45671e+13 -3.8226e+13 -121.225
2.58498e+13 -4.62842e+13 -144.147
1.52545e+13 -5.23549e+13 -166.375
3.23414e+12 -5.60005e+13 -187.802
-9.65617e+12 -5.68866e+13 -208.324
-2.27831e+13 -5.4806e+13 -227.843
-3.54639e+13 -4.96967e+13 -246.265
-4.69999e+13 -4.16537e+13 -263.502
-5.67125e+13 -3.09334e+13 -279.469
-6.39803e+13 -1.79489e+13 -294.09
-6.82758e+13 -3.25774e+12 -307.295
-6.91984e+13 1.24599e+13 -319.021
-6.65031e+13 2.84296e+13 -329.21
-6.01227e+13 4.38188e+13 -337.814
-5.01816e+13 5.77773e+13 -344.791
-3.70005e+13 6.94812e+13 -350.107
-2.10903e+13 7.81787e+13 -353.738
-3.13676e+12 8.32336e+13 -355.665
1.60263e+13 8.4166e+13 -355.879
3.54526e+13 8.0687e+13 -354.38
5.41265e+13 7.27248e+13 -351.174
7.10135e+13 6.04414e+13 -346.277
8.5114e+13 4.42375e+13 -339.712
9.55178e+13 2.47449e+13 -331.512
1.01458e+14 2.80691e+12 -321.715
1.02361e+14 -2.05547e+13 -310.369
9.78844e+13 -4.4183e+13 -297.528
8.79547e+13 -6.684e+13 -283.254
7.27815e+13 -8.7267e+13 -267.617
5.2865e+13 -1.04251e+14 -250.69
2.89865e+13 -1.1669e+14 -232.557
2.18269e+12 -1.23661e+14 -213.303
-2.62943e+13 -1.24475e+14 -193.023
-5.50308e+13 -1.18733e+14 -171.812
-8.25171e+13 -1.06357e+14 -149.775
-1.07222e+14 -8.76196e+13 -127.016
-1.27674e+14 -6.31443e+13 -103.646
-1.4254e+14 -3.38967e+13 -79.7759
-1.50707e+14 -1.15128e+12 -55.5222
-1.51352e+14 3.35578e+13 -31.001
-1.44005e+14 6.8503e+13 -6.33057
-1.2859e+14 1.01844e+14 18.3704
-1.05456e+14 1.31719e+14 42.9828
-7.53839e+13 1.5634e+14 67.3883
-3.95644e+13 1.74098e+14 91.4693
4.3539e+11 1.8365e+14 115.11
4.27362e+13 1.84013e+14 138.196
8.52272e+13 1.74633e+14 160.617
1.25665e+14 1.55444e+14 182.264
1.61785e+14 1.26892e+14 203.033
1.9142e+14 8.99481e+13 222.825
2.1262e+14 4.60856e+13 241.544
2.23771e+14 -2.77056e+12 259.099
2.23698e+14 -5.43183e+13 275.407
2.11751e+14 -1.05979e+14 290.389
1.87875e+14 -1.55019e+14 303.972
1.52644e+14 -1.98682e+14 316.091
1.07267e+14 -2.34342e+14 326.688
5.35617e+13 -2.59639e+14 335.712
-6.10532e+12 -2.72631e+14 343.12
-6.89152e+13 -2.71912e+14 348.875
-1.31718e+14 -2.56725e+14 352.95
-1.91181e+14 -2.27034e+14 355.325
-2.43956e+14 -1.83572e+14 355.989
-2.86853e+14 -1.27846e+14 354.939
-3.17023e+14 -6.20979e+13 352.179
-3.32125e+14 1.07647e+13 347.724
-3.30484e+14 8.72896e+13 341.594
-3.11212e+14 1.63629e+14 333.819
-2.74309e+14 2.35723e+14 324.437
-2.20707e+14 2.99498e+14 313.492
-1.52281e+14 3.51089e+14 301.038
-7.17993e+13 3.87049e+14 287.134
1.71678e+13 4.04562e+14 271.847
1.10393e+14 4.01629e+14 255.251
2.03178e+14 3.77215e+14 237.426
2.90573e+14 3.31369e+14 218.458
3.6763e+14 2.65278e+14 198.437
4.29658e+14 1.81271e+14 177.461
4.72493e+14 8.27662e+13 155.631
4.92749e+14 -2.58534e+13 133.05
4.88037e+14 -1.39412e+14 109.83
4.57157e+14 -2.52173e+14 86.0799
4.00228e+14 -3.58105e+14 61.9157
3.18756e+14 -4.51191e+14 37.4533
2.15638e+14 -5.25748e+14 12.8105
9.50872e+13 -5.76741e+14 -11.8939
-3.75125e+13 -6.00097e+14 -36.5411
-1.75826e+14 -5.92971e+14 -61.0123
-3.12847e+14 -5.53969e+14 -85.1897
-4.41231e+14 -4.83308e+14 -108.957
-5.53663e+14 -3.829e+14 -132.199
-6.43252e+14 -2.56341e+14 -154.805
-7.03917e+14 -1.08829e+14 -176.665
-7.30759e+14 5.30285e+13 -197.675
-7.20388e+14 2.21476e+14 -217.733
-6.71193e+14 3.87961e+14 -236.742
-5.83528e+14 5.43534e+14 -254.611
-4.59809e+14 6.79307e+14 -271.254
-3.04505e+14 7.86927e+14 -286.591
-1.24022e+14 8.59048e+14 -300.547
7.35283e+13 8.89781e+14 -313.057
2.78655e+14 8.75089e+14 -324.058
4.80916e+14 8.13115e+14 -333.5
6.69411e+14 7.04397e+14 -341.335
8.33342e+14 5.5199e+14 -347.526
9.62583e+14 3.6144e+14 -352.044
1.04826e+15 1.40642e+14 -354.867
1.0833e+15 -1.00447e+14 -355.981
1.06289e+15 -3.50214e+14 -355.38
9.84912e+14 -5.95912e+14 -353.068
8.50141e+14 -8.24268e+14 -349.056
6.62433e+14 -1.02216e+15 -343.363
4.28672e+14 -1.17731e+15 -336.016
1.58586e+14 -1.27902e+15 -327.052
-1.35608e+14 -1.31877e+15 -316.512
-4.39699e+14 -1.29086e+15 -304.448
-7.3813e+14 -1.19284e+15 -290.918
-1.01474e+15 -1.02584e+15 -275.987
-1.25358e+15 -7.94705e+14 -259.727
-1.43978e+15 -5.07976e+14 -242.217
-1.56041e+15 -1.77636e+14 -223.54
-1.60526e+15 1.81323e+14 -203.786
-1.56755e+15 5.51517e+14 -183.051
-1.44447e+15 9.13958e+14 -161.435
-1.23761e+15 1.24897e+15 -139.041
-9.53055e+14 1.53717e+15 -115.977
-6.01406e+14 1.76056e+15 -92.3554
-1.97416e+14 1.90352e+15 -68.2887
2.40521e+14 1.9538e+15 -43.8932
6.91142e+14 1.90333e+15 -19.2863
1.13127e+15 1.74894e+15 5.41349
1.53696e+15 1.49278e+15 30.0872
1.88466e+15 1.14255e+15 54.616
2.15258e+15 7.11337e+14 78.8818
2.32185e+15 2.17332e+14 102.768
2.37776e+15 -3.16906e+14 126.159
2.31077e+15 -8.6537e+14 148.942
2.11728e+15 -1.39979e+15 171.009
1.80021e+15 -1.89098e+15 192.251
1.3692e+15 -2.31039e+15 212.568
8.40506e+14 -2.63158e+15 231.862
2.36499e+14 -2.83181e+15 250.038
-4.15151e+14 -2.89343e+15 267.011
