-4658.9 -1001.48 -33.6217
-8713.16 9091.14 375.419
9435.67 31134.6 603.672
82932.8 16975.8 541.221
142307 -170062 218.138
-214405 -541009 -209.991
-1.51591e+06 -183327 -536.997
-2.32119e+06 3.26398e+06 -605.406
4.61509e+06 9.43614e+06 -382.275
2.75239e+07 1.17915e+06 24.9442
3.71788e+07 -6.1954e+07 420.151
-9.62266e+07 -1.63251e+08 613.03
-4.96706e+08 1.73576e+07 510.698
-5.81911e+08 1.16642e+09 162.433
1.95949e+09 2.8015e+09 -264.053
8.90965e+09 -1.00809e+09 -563.381
8.83232e+09 -2.1795e+10 -591.407
-3.91692e+10 -4.76436e+10 -334.634
-1.5884e+11 3.06146e+10 83.2853
-1.28327e+11 4.04388e+11 461.098
7.71263e+11 8.0206e+11 616.864
2.81407e+12 -7.73184e+11 475.572
1.74158e+12 -7.45329e+12 105.264
-1.4996e+13 -1.33456e+13 -315.736
-4.95319e+13 1.78494e+13 -584.689
-2.08826e+13 1.36498e+14 -572.079
2.88421e+14 2.1903e+14 -283.978
8.65893e+14 -3.90441e+14 140.876
1.84366e+14 -2.48436e+15 497.889
-5.49453e+15 -3.53549e+15 615.139
-1.50273e+16 8.23577e+15 436.162
1.6455e+14 4.49431e+16 47.1458
1.0378e+17 5.58928e+16 -364.574
2.58749e+17 -1.69186e+17 -600.729
-6.59258e+16 -8.08135e+17 -547.596
-1.94494e+18 -8.59914e+17 -230.763
-4.41693e+18 3.40555e+18 197.197
2.31798e+18 1.44431e+19 530.194
3.61872e+19 1.27419e+19 607.871
7.46735e+19 -6.74419e+19 392.82
-6.19272e+19 -2.56532e+20 -11.3969
-6.6873e+20 -1.78482e+20 -410.126
-1.24862e+21 1.31766e+21 -611.354
1.47325e+21 4.52732e+21 -518.178
1.22781e+22 2.27334e+21 -175.468
2.06121e+22 -2.54492e+22 251.741
-3.28414e+22 -7.93663e+22 557.721
-2.24024e+23 -2.36874e+22 595.125
-3.35084e+23 4.86619e+23 345.939
7.01893e+23 1.3815e+24 -69.8369
4.06258e+24 1.12189e+23 -451.982
5.34519e+24 -9.22198e+24 -616.471
-1.456e+25 -2.38649e+25 -484.091
-7.32284e+25 3.67386e+24 -118.592
-8.32207e+25 1.73359e+26 304.017
2.95318e+26 4.08845e+26 580.222
1.31197e+27 -1.68674e+26 577.016
1.25396e+27 -3.2347e+27 295.941
-5.88451e+27 -6.93992e+27 -127.648
-2.33613e+28 4.87193e+27 -489.766
-1.80224e+28 5.99375e+28 -616.032
1.15564e+29 1.1658e+29 -445.641
4.1336e+29 -1.20358e+29 -60.6471
2.40185e+29 -1.10331e+30 353.553
-2.24192e+30 -1.93495e+30 597.495
-7.26624e+30 2.74394e+30 553.707
-2.7743e+30 2.01811e+31 243.276
4.30349e+31 3.16618e+31 -184.308
1.26849e+32 -5.95337e+31 -523.136
2.16257e+31 -3.66873e+32 -610.042
-8.18403e+32 -5.09189e+32 -403.176
-2.19816e+33 1.24852e+33 -2.15582
1.25027e+32 6.62902e+33 399.902
1.54335e+34 8.01189e+33 609.383
3.77878e+34 -2.5536e+34 525.409
-1.15362e+34 -1.19057e+35 188.418
-2.88818e+35 -1.22482e+35 -239.307
-6.4389e+35 5.12242e+35 -551.792
3.74295e+35 2.12525e+36 -598.555
5.36641e+36 1.79838e+36 -357.077
1.08636e+37 -1.01155e+37 56.3549
-9.70974e+36 -3.77012e+37 442.649
-9.9042e+37 -2.4828e+37 615.78
-1.81225e+38 1.97162e+38 492.376
2.27464e+38 6.64506e+38 131.863
1.81619e+39 3.07807e+38 -292.15
2.98337e+39 -3.80013e+39 -575.476
-5.02224e+39 -1.16334e+40 -581.674
-3.30981e+40 -2.99182e+39 -307.761
-4.8336e+40 7.25305e+40 114.358
1.06631e+41 2.02207e+41 481.406
5.99507e+41 7.44104e+39 616.628
7.67775e+41 -1.37228e+42 454.906
-2.2012e+42 -3.48758e+42 74.1191
-1.07934e+43 7.06083e+41 -342.361
-1.18869e+43 2.57581e+43 -593.973
4.44778e+43 5.96452e+43 -559.551
1.93145e+44 -2.78217e+43 -255.671
1.77716e+44 -4.7995e+44 171.33
-8.83561e+44 -1.01049e+45 515.825
