-720.642 1597.31 343.775
1424.87 -291.314 351.932
-1363.07 -750.391 197.494
39.9394 1724.37 -59.6425
1106.24 -885.796 -307.648
-1560.43 -63.53 -430.87
767.955 1510.33 -363.185
563.801 -1263.36 -122.224
-1431.6 638.327 192.768
1319.72 1008.77 441.069
-78.7174 -1351.33 502.744
-1005.42 1209.26 335.752
1591.56 329.447 1.04994
-680.268 -1140.53 -358.25
-371.904 1532.25 -577.321
1539.61 -385.688 -544.483
-1112.62 -685.497 -256.817
337.389 1542.87 170.652
1186.9 -992.345 549.788
-1287.02 -91.2086 701.312
977.121 1241.6 538.57
616.486 -1373.36 114.383
-1171.92 510.3 -393.398
1418.24 692.648 -755.35
-47.5103 -1461.7 -793.138
-798.237 988.47 -465.889
1574.11 9.63348 100.955
-666.634 -1252.46 661.823
-251.449 1241.75 956.223
1417.34 -668.561 828.454
-1116.99 -801.731 307.346
347.632 1218.43 -393.809
984.238 -1206.56 -962.875
-1314.21 -212.945 -1126.47
869.029 926.562 -779.537
366.022 -1499.91 -46.1574
-1229.44 386.105 761.456
1201.16 431.162 1274.18
-310.873 -1495.6 1233.03
-893.401 870.559 617.193
1274 -160.441 -329.186
-911.236 -1201.54 -1191.1
-387.93 1144.3 -1562.83
1073.09 -721.828 -1236.68
-1318.65 -683.42 -313.623
172.809 1159.01 821.35
641.723 -1134.25 1657.24
-1458.5 -49.9477 1784.93
667.262 922.651 1094.18
71.0502 -1311.33 -153.666
-1311.89 570.359 -1420.16
992.219 495.993 -2119.39
-519.599 -1216.51 -1886.29
-917.81 1055.7 -761.763
1083.95 -21.8219 796.979
-1007.86 -870.009 2098.47
-363.462 1315.41 2520.71
930.485 -515.337 1804.57
-1293.66 -343.739 200.109
234.93 1307.31 -1612.72
572.661 -877.648 -2808.36
-1319.51 254.214 -2787.96
756.651 1044.61 -1473.39
94.1051 -1032.83 619.062
-1081.64 802.347 2575.2
1101.17 591.34 3478.2
-397.578 -951.262 2833.49
-629.917 1190.79 828.514
1207.88 47.4847 -1705.05
-794.188 -654.893 -3630.54
-56.7345 1343.52 -4011.34
1067.05 -472.732 -2559.61
-1009.91 -211.472 183.526
522.502 1233.14 3039.18
719.884 -864.782 4691.35
-999.108 280.683 4287.28
993.22 885.545 1866.19
248.217 -1054.96 -1594.62
-765.274 714.062 -4565.34
1264.82 373.5 -5633.23
-243.959 -1014.47 -4166.06
-359.531 994.843 -661.492
1288.38 -199.048 3402.25
-652.855 -763.687 6181.2
130.857 1062.5 6294.26
1065.52 -718.672 3496.97
-896.498 -366.14 -1123.29
601.324 902.074 -5555.54
646.745 -1085.52 -7731.11
-931.088 86.3437 -6478.67
952.146 546.76 -2132.01
119.941 -1232.98 3516.33
-758.87 493.909 7941.13
1109.21 70.3742 9002.57
-408.391 -1140.13 5966.2
-426.11 770.005 -55.2865
1039.12 -428.464 -6484.91
-835.117 -834.443 -10370.8
-11.9076 859.278 -9727.95
755.653 -847.049 -4528.17
