-47680 66232.4 2348.82
-106941 -1.14461e+06 9023.03
8.66174e+06 1.23663e+07 15365.8
-1.82295e+08 -8.42267e+07 20992.8
2.65601e+09 -2.50471e+08 25550.3
-2.88303e+10 2.06184e+10 28737
1.93375e+11 -4.29379e+11 30323.6
6.47378e+11 6.22299e+12 30168.2
-4.9004e+13 -6.71442e+13 28227.5
1.01131e+15 4.43783e+14 24562.2
-1.4579e+16 1.6588e+15 19336.6
1.56353e+17 -1.16437e+17 12812.3
-1.01786e+18 2.38166e+18 5335.04
-4.21953e+18 -3.41517e+19 -2682.41
2.76591e+20 3.64033e+20 -10783.2
-5.60825e+21 -2.33318e+21 -18491.6
7.99941e+22 -1.0667e+22 -25340.9
-8.47447e+23 6.56861e+23 -30900.8
5.34482e+24 -1.32047e+25 -34804.5
2.6823e+25 1.87354e+26 -36771.5
-1.55956e+27 -1.97251e+27 -36627.3
3.10872e+28 1.22358e+28 -34316.9
-4.38758e+29 6.71368e+28 -29911.4
4.5905e+30 -3.70191e+30 -23607.6
-2.79917e+31 7.31792e+31 -15720.4
-1.67358e+32 -1.02742e+33 -6667.65
8.78512e+33 1.06816e+34 3051.5
-1.72246e+35 -6.39897e+34 12883.5
2.40562e+36 -4.15691e+35 22251.3
-2.48509e+37 2.08434e+37 30588.1
1.4617e+38 -4.05381e+38 37370.7
1.0292e+39 5.63205e+39 42151.9
-4.94417e+40 -5.78069e+40 44589.2
9.53964e+41 3.33624e+41 44468.2
-1.31845e+43 2.54087e+42 41718.8
1.34446e+44 -1.17252e+44 36424.2
-7.60826e+44 2.24469e+45 28820.1
-6.25655e+45 -3.08616e+46 19285.7
2.78008e+47 3.12641e+47 8325.66
-5.28123e+48 -1.73349e+48 -3456.09
7.22325e+49 -1.53697e+49 -15388.9
-7.26894e+50 6.59023e+50 -26773
3.94588e+51 -1.24242e+52 -36920
3.76759e+52 1.69046e+53 -45193.6
-1.56191e+54 -1.68975e+54 -51049
2.92253e+55 8.97274e+54 -54067.8
-3.95579e+56 9.21743e+55 -53986.2
3.92735e+57 -3.70102e+57 -50715.7
-2.03816e+58 6.87392e+58 -44353.2
-2.25098e+59 -9.25591e+59 -35181
8.76804e+60 9.12642e+60 -23655.9
-1.61661e+62 -4.62436e+61 -10387.2
2.16552e+63 -5.48796e+62 3894.54
-2.12043e+64 2.07682e+64 18376.8
1.04793e+65 -3.80158e+65 32210.8
1.33592e+66 5.06598e+66 44560.5
-4.91829e+67 -4.9257e+67 54652.3
8.9388e+68 2.3716e+68 61822.4
-1.18501e+70 3.24736e+69 65559.6
1.14402e+71 -1.16452e+71 65539.8
-5.35965e+71 2.1016e+72 61651
-7.88321e+72 -2.77163e+73 54006.1
2.75679e+74 2.65652e+74 42943.1
-4.9406e+75 -1.2094e+75 29012.1
6.48196e+76 -1.91133e+76 12948.8
-6.16753e+77 6.52499e+77 -4362.92
2.72453e+78 -1.16136e+79 -21938.8
4.62876e+79 1.51577e+80 -38749.5
-1.54412e+81 -1.43161e+81 -53779.6
2.72966e+82 6.12686e+81 -66088.5
-3.54418e+83 1.11975e+83 -74867.4
3.32238e+84 -3.65347e+84 -79492
-1.37513e+85 6.4152e+85 -79564
-2.70602e+86 -8.28618e+86 -74941.9
8.64287e+87 7.70876e+87 -65757.2
-1.50754e+89 -3.07985e+88 -52414.4
1.93708e+90 -6.53316e+89 -35575.8
-1.78826e+91 2.04427e+91 -16129.9
6.8819e+91 -3.5423e+92 4854.11
1.57587e+93 4.5279e+93 26184
-4.83443e+94 -4.14745e+94 46611.2
8.32263e+95 1.53383e+95 64902.9
-1.05828e+97 3.79791e+96 79915
9.61697e+97 -1.1431e+98 90662.6
-3.40891e+98 1.95521e+99 96382.8
-9.14566e+99 -2.4732e+100 96586.5
2.70242e+101 2.22945e+101 91095.4
-4.59289e+102 -7.55242e+101 80062
5.77925e+103 -2.20065e+103 63970.5
-5.16723e+104 6.38785e+104 43618.3
1.66733e+105 -1.07879e+106 20078.1
5.29135e+106 1.35032e+107 -5356.55
-1.5097e+108 -1.19734e+108 -31241.6
2.53364e+109 3.66628e+108 -56062.7
-3.15469e+110 1.27139e+110 -78322.9
2.77376e+111 -3.56746e+111 -96630.9
-8.02526e+111 5.94994e+112 -109787
-3.05285e+113 -7.36936e+113 -116860
8.42876e+114 6.42415e+114 -117248
-1.39714e+116 -1.74755e+115 -110728
