-1181.33 -1072.04 207.626
-1430.29 -801.439 226.792
-1612.09 -479.533 244.881
-1716.47 -122.813 261.806
-1737.17 250.242 277.484
-1672.29 620.127 291.838
-1524.44 967.336 304.8
-1300.64 1273.39 316.305
-1011.96 1521.81 326.296
-673.033 1699.04 334.724
-301.243 1795.14 341.548
84.1284 1804.39 346.733
462.912 1725.61 350.254
815.113 1562.23 352.091
1121.97 1322.21 352.234
1366.94 1017.61 350.682
1536.63 664.023 347.441
1621.49 279.753 342.525
1616.37 -115.114 335.955
1520.83 -499.753 327.764
1339.21 -853.702 317.988
1080.44 -1157.94 306.673
757.588 -1395.91 293.873
387.24 -1554.41 279.648
-11.3729 -1624.32 264.066
-417.355 -1601.12 247.2
-809.237 -1485.19 229.13
-1166.11 -1281.79 209.943
-1468.72 -1000.85 189.73
-1700.53 -656.499 168.587
-1848.59 -266.334 146.616
-1904.25 149.474 123.921
-1863.68 569.222 100.612
-1728.1 970.808 76.7995
-1503.75 1332.89 52.5984
-1201.63 1636.04 28.1246
-836.926 1863.76 3.49588
-428.275 2003.39 -21.1694
3.20344 2046.82 -45.7526
435 1990.95 -70.1353
844.391 1837.9 -94.1999
1209.64 1594.94 -117.83
1511.15 1274.15 -140.912
1732.53 891.831 -163.335
1861.47 467.675 -184.989
1890.43 23.7543 -205.77
1817.11 -416.619 -225.577
1644.58 -830.121 -244.314
1381.16 -1194.64 -261.89
1040.09 -1490.47 -278.219
638.785 -1701.34 -293.222
198.022 -1815.36 -306.826
-259.166 -1825.63 -318.963
-708.675 -1730.68 -329.575
-1126.59 -1534.58 -338.609
-1490.48 -1246.79 -346.02
-1780.53 -881.692 -351.771
-1980.68 -457.89 -355.834
-2079.49 2.7602 -358.187
-2070.75 476.256 -358.817
-1953.89 937.708 -357.721
-1734.04 1362.64 -354.902
-1421.83 1728.31 -350.372
-1032.84 2014.87 -344.152
-586.876 2206.51 -336.27
-106.893 2292.28 -326.763
382.136 2266.74 -315.676
854.548 2130.27 -303.06
1285.33 1889.11 -288.975
1651.46 1555.1 -273.487
1933.11 1145.08 -256.671
2114.77 680.051 -238.606
2186.05 184.106 -219.377
2142.31 -316.82 -199.077
1984.97 -796.304 -177.803
1721.43 -1228.82 -155.655
1364.79 -1591.12 -132.741
933.162 -1863.44 -109.169
448.798 -2030.6 -85.0527
-63.0788 -2082.87 -60.5076
-575.568 -2016.47 -35.6515
-1061.5 -1833.9 -10.6039
-1494.88 -1543.77 14.5148
-1852.26 -1160.5 39.5838
-2113.98 -703.524 64.4823
-2265.3 -196.351 89.0904
-2297.16 334.648 113.289
-2206.73 861.614 136.962
-1997.64 1356.66 159.995
-1679.79 1793.33 182.276
-1268.93 2148.03 203.697
-785.875 2401.3 224.155
-255.411 2538.83 243.551
294.939 2552.34 261.789
836.365 2440.02 278.782
1340.28 2206.66 294.447
1779.81 1863.54 308.706
2131.28 1427.78 321.491
2375.43 921.59 332.739
2498.52 371.067 342.394
2493.08 -195.112 350.408
2358.36 -747.197 356.742
2100.44 -1255.92 361.364
1731.96 -1694.05 364.25
1271.52 -2037.85 365.385
742.73 -2268.37 364.762
173.018 -2372.45 362.382
-407.782 -2343.53 358.256
-968.99 -2182.01 352.403
-1480.69 -1895.29 344.848
-1915.34 -1497.45 335.627
-2249.19 -1008.6 324.783
-2463.65 -453.781 312.367
-2546.25 138.218 298.437
-2491.39 736.411 283.059
-2300.68 1309.21 266.307
-1982.91 1826.08 248.259
-1553.69 2259.19 229.001
-1034.62 2584.89 208.626
-452.271 2784.98 187.23
163.237 2847.75 164.916
779.754 2768.63 141.789
1364.8 2550.53 117.962
1887.27 2203.71 93.548
2319.1 1745.31 68.6639
2636.76 1198.54 43.4293
2822.55 591.458 17.9654
2865.58 -44.4312 -7.60533
2762.41 -675.834 -33.16
2517.3 -1269.4 -58.5755
2142.03 -1793.49 -83.7295
1655.37 -2219.87 -108.501
1082.14 -2525.19 -132.769
451.954 -2692.32 -156.418
-202.324 -2711.29 -179.333
-846.254 -2579.85 -201.403
-1445.65 -2303.68 -222.521
-1968.37 -1896.17 -242.585
-2386.06 -1377.76 -261.497
-2675.65 -774.925 -279.166
-2820.65 -118.843 -295.505
-2812.06 556.23 -310.434
-2648.93 1214.73 -323.882
-2338.43 1821.66 -335.78
-1895.63 2344.44 -346.072
-1342.68 2754.64 -354.706
-707.777 3029.55 -361.64
-23.6707 3153.39 -366.838
673.99 3118.24 -370.275
1348.53 2924.49 -371.932
1964.18 2580.93 -371.8
2487.96 2104.33 -369.878
2891.45 1518.63 -366.174
3152.36 853.777 -360.704
3255.71 144.118 -353.493
3194.74 -573.309 -344.575
2971.28 -1260.74 -333.991
2595.79 -1881.66 -321.791
2086.84 -2402.76 -308.032
1470.21 -2795.7 -292.779
777.603 -3038.68 -276.105
45.0025 -3117.62 -258.088
-689.173 -3026.99 -238.814
-1386.09 -2770.17 -218.375
-2008.54 -2359.36 -196.869
-2522.94 -1814.99 -174.398
-2901.1 -1164.73 -151.069
-3121.8 -442.092 -126.994
-3171.95 315.3 -102.288
-3047.35 1067.65 -77.0705
-2753.01 1775.09 -51.4616
-2302.94 2399.77 -25.5844
-1719.51 2907.87 0.436679
-1032.34 3271.46 26.4765
-276.766 3469.97 52.4098
507.93 3491.39 78.1116
1280.59 3332.96 103.458
2000.33 3001.39 128.327
2628.71 2512.61 152.598
3131.77 1890.98 176.153
3481.88 1168.1 198.88
3659.24 381.184 220.667
3653.02 -428.825 241.41
3461.99 -1219.42 261.007
3094.65 -1948.75 279.364
2568.91 -2577.83 296.39
1911.21 -3072.64 312.004
1155.17 -3405.94 326.127
339.926 -3558.8 338.693
-491.942 -3521.65 349.638
-1296.59 -3294.89 358.908
-2031.23 -2888.92 366.459
-2656.41 -2323.72 372.251
-3138.11 -1627.85 376.256
-3449.58 -837.017 378.453
-3572.86 7.72779 378.83
-3499.76 862.136 377.383
-3232.39 1681.06 374.119
-2783.16 2420.83 369.051
-2174.18 3041.57 362.203
-1436.22 3509.36 353.605
-607.098 3798.05 343.299
270.185 3890.72 331.331
1149.72 3780.69 317.759
1985.09 3471.89 302.647
2731.78 2978.81 286.065
3349.59 2325.8 268.093
3804.76 1545.86 248.817
4071.85 679.011 228.326
4135.1 -229.813 206.721
3989.42 -1133.05 184.103
3640.68 -1983.03 160.58
3105.56 -2734.46 136.266
2410.7 -3346.88 111.276
1591.43 -3786.81 85.7307
689.964 -4029.59 59.752
-246.781 -4060.77 33.4649
-1169.61 -3876.93 6.99555
-2029.64 -3486.02 -19.5287
-2780.88 -2906.97 -45.9801
-3382.67 -2168.82 -72.2314
-3801.91 -1309.27 -98.1561
-4014.85 -372.784 -123.629
-4008.43 591.75 -148.527
-3781.08 1533.52 -172.731
-3342.86 2402.46 -196.122
-2715.11 3151.95 -218.587
-1929.31 3741.23 -240.019
-1025.62 4137.68 -260.312
-50.7536 4318.58 -279.369
944.402 4272.37 -297.096
1907.44 3999.43 -313.407
2787.18 3512.1 -328.222
3536.42 2834.15 -341.469
4114.42 1999.65 -353.083
4489.13 1051.22 -363.007
4638.96 37.8799 -371.191
4554.03 -987.49 -377.595
4236.75 -1970.91 -382.187
3701.84 -2860.16 -384.942
2975.64 -3607.52 -385.846
2094.85 -4172.35 -384.894
1104.62 -4523.31 -382.088
56.2979 -4640.08 -377.441
-995.251 -4514.54 -370.973
-1994.52 -4151.3 -362.714
-2888.27 -3567.55 -352.702
-3628.38 -2792.32 -340.984
-4174.43 -1864.97 -327.616
-4495.89 -833.259 -312.66
-4573.84 249.114 -296.186
-4402.06 1325.32 -278.274
-3987.47 2338.34 -259.008
-3349.86 3234.03 -238.479
-2521.02 3963.93 -216.786
-1543.09 4487.94 -194.032
-466.461 4776.48 -170.326
652.809 4812.17 -145.781
1755.93 4590.81 -120.514
2784.43 4121.76 -94.6474
3683.31 3427.56 -68.304
4403.88 2542.82 -41.6107
4906.49 1512.53 -14.6957
5162.63 389.768 12.3116
5156.59 -767.039 39.2813
4886.35 -1897.16 66.0836
4363.84 -2940.73 92.5892
3614.42 -3841.95 118.67
2675.66 -4552.04 144.201
1595.47 -5031.9 169.058
429.624 -5254.25 193.122
-761.057 -5205.16 216.274
-1913.93 -4884.96 238.405
-2967.8 -4308.26 259.405
-3866.16 -3503.38 279.174
-4560.24 -2510.92 297.614
-5011.62 -1381.78 314.637
-5194.39 -174.49 330.158
-5096.59 1047.76 344.103
-4720.98 2220.45 356.403
-4085.04 3281.09 366.996
-3220.13 4172.6 375.832
-2170.01 4846.32 382.865
-988.597 5264.65 388.061
262.787 5403.2 391.393
1518.58 5252.11 392.844
2712.41 4816.77 392.405
3780.61 4117.6 390.076
4665.58 3189.17 385.868
5318.89 2078.46 379.799
5703.96 842.475 371.897
5798.02 -454.646 362.198
5593.51 -1744.98 350.748
5098.55 -2960.36 337.6
4336.7 -4035.98 322.816
3345.8 -4913.88 306.467
2176.15 -5546 288.629
887.923 -5896.87 269.388
-451.929 -5945.56 248.834
-1773.13 -5686.92 227.066
-3005.77 -5132 204.188
-4084.03 -4307.6 180.308
-4949.65 -3254.97 155.541
-5555.1 -2027.81 130.006
-5866.2 -689.498 103.824
-5864 690.173 77.1211
-5545.94 2038.6 50.0259
-4926.15 3284.21 22.6681
-4034.81 4360.22 -4.8207
-2916.7 5208.25 -32.3084
-1628.99 5781.43 -59.6625
-238.322 6047.01 -86.7514
1182.67 5988.22 -113.444
2559.09 5605.26 -139.613
3817.75 4915.49 -165.13
4891.04 3952.59 -189.873
5720.56 2765.02 -213.721
6260.27 1413.48 -236.56
6479.03 -32.0868 -258.279
6362.42 -1496.19 -278.771
5913.57 -2901.69 -297.938
5153.22 -4173.86 -315.686
4118.74 -5244.38 -331.929
2862.3 -6054.96 -346.587
1448.26 -6560.56 -359.588
-50.1141 -6731.84 -370.869
-1554.49 -6556.88 -380.373
-2985.51 -6041.95 -388.054
-4267.02 -5211.31 -393.873
-5330.07 -4106.14 -397.801
-6116.69 -2782.49 -399.817
-6582.97 -1308.4 -399.91
-6701.57 239.499 -398.078
-6463.26 1780.04 -394.328
-5877.6 3231.71 -388.677
-4972.58 4517.01 -381.15
-3793.32 5566.53 -371.783
-2399.81 6322.71 -360.618
-863.894 6743.02 -347.708
734.437 6802.26 -333.114
2311.19 6494.12 -316.905
3782.78 5831.62 -299.158
5070.45 4846.65 -279.956
6104.47 3588.39 -259.391
6827.89 2120.9 -237.561
7199.68 519.861 -214.569
7197.05 -1131.34 -190.527
6816.75 -2745.92 -165.548
6075.5 -4238.29 -139.752
5009.2 -5528.55 -113.263
3671.27 -6546.79 -86.2068
2129.92 -7236.85 -58.7143
464.723 -7559.43 -30.9171
-1237.52 -7494.3 -2.94877
-2887.28 -7041.53 25.0562
-4397.04 -6221.66 52.9629
-5685.88 -5074.84 80.6371
-6683.89 -3658.8 107.945
-7335.87 -2046.03 134.756
-7604.45 -320.046 160.939
-7472.18 1428.95 186.369
-6942.64 3108.73 210.921
-6040.43 4629.92 234.479
-4810.05 5910.75 256.926
-3313.73 6881.44 278.154
-1628.3 7487.98 298.061
158.748 7695.13 316.548
1953.79 7488.43 333.527
3661.95 6875.2 348.914
5192.14 5884.26 362.633
6461.85 4564.66 374.618
7401.62 2983.26 384.809
7958.83 1221.3 393.156
8100.58 -629.703 399.617
7815.67 -2472.72 404.159
7115.32 -4210.32 406.76
6032.81 -5749.77 407.404
4621.89 -7007.99 406.088
2954.14 -7916.05 402.816
1115.35 -8422.9 397.602
-798.94 -8498.26 390.47
-2688.33 -8134.36 381.453
-4452.87 -7346.58 370.592
-5998.34 -6172.84 357.939
-7241.27 -4671.75 343.552
-8113.42 -2919.77 327.5
-8565.58 -1007.25 309.858
-8570.27 966.174 290.711
-8123.43 2896.78 270.149
-7244.82 4682.21 248.27
-5977.18 6226.86 225.179
-4384.16 7447.04 200.985
-2547.2 8275.46 175.804
-561.304 8664.95 149.756
1469.81 8591.09 122.967
3439.13 8053.77 95.5643
5241.97 7077.34 67.6797
6781.54 5709.56 39.4468
7974.08 4019.32 11.0015
8753.48 2093.12 -17.5197
9074.84 30.6789 -45.9793
8917.08 -2060.19 -74.2405
8284.27 -4069.23 -102.167
7205.59 -5889.57 -129.624
5734.05 -7423.34 -156.479
3943.86 -8586.97 -182.602
1926.74 -9315.72 -207.867
-212.81 -9567.25 -232.152
-2362.91 -9324.06 -255.339
-4410.15 -8594.64 -277.315
-6245.54 -7413.26 -297.974
-7770.35 -5838.34 -317.215
-8901.39 -3949.61 -334.945
-9575.54 -1844.09 -351.076
-9753.28 368.91 -365.53
-9420.96 2573.44 -378.236
-8591.78 4653 -389.132
-7305.27 6496.66 -398.163
-5625.5 8004.98 -405.285
-3637.88 9095.38 -410.461
-1444.8 9706.64 -413.666
839.571 9802.32 -414.882
3095.25 9372.89 -414.101
5202.73 8436.51 -411.327
7049.28 7038.26 -406.57
8534.96 5248.02 -399.853
9578.06 3157.01 -391.205
10119.5 873.111 -380.667
10126.2 -1484.63 -368.288
9593.08 -3792.25 -354.127
8543.48 -5927.32 -338.249
7028.26 -7775.48 -320.73
5123.34 -9236.52 -301.653
2925.87 -10229.8 -281.109
549.32 -10698.7 -259.195
-1882.39 -10613.8 -236.016
-4241.33 -9974.75 -211.682
-6402.31 -8810.32 -186.31
-8249.51 -7177.42 -160.021
-9682.65 -5158.16 -132.94
-10622.5 -2855.8 -105.197
-11015.1 -389.454 -76.9258
-10835 2112.07 -48.2615
-10086.8 4516.98 -19.342
-8805.22 6697.42 9.69385
-7053.27 8536.29 38.7063
-4919.5 9933.51 67.5557
-2513.39 10811.5 96.103
40.2572 11119.3 124.211
2607.73 10835.8 151.743
5053.43 9970.85 178.567
7247.01 8565.17 204.552
9070.3 6688.33 229.574
10423.7 4435.47 253.511
11231.4 1922.38 276.247
11446.1 -720.358 297.671
11051 -3354.17 317.679
10061.7 -5839.76 336.174
8525.16 -8044.43 353.066
6517.76 -9849.16 368.271
4141.36 -11155 381.716
1518.24 -11888.6 393.334
-1215.23 -12006.1 403.069
-3915.66 -11495.7 410.87
-6440.12 -10379 416.7
-8653.76 -8709.47 420.529
-10437 -6570.48 422.336
-11691.8 -4070.85 422.112
-12347.4 -1339.4 419.856
-12363.9 1481.64 415.576
-11735 4244.1 409.293
-10488.3 6801.57 401.035
-8684.22 9017.24 390.839
-6413.35 10771.1 378.754
-3791.62 11966.6 364.836
-954.523 12535.7 349.15
1949.88 12443 331.771
4768.67 11687.6 312.781
7352.12 10303.8 292.27
9561.64 8359.25 270.336
11277.2 5951.89 247.083
12403.7 3204.96 222.621
12876.5 260.687 197.069
12664.9 -2726.99 170.547
11774 -5600.52 143.183
10244.9 -8206.99 115.108
8152.83 -10406.3 86.4563
5603.26 -12078.5 57.3654
2726.91 -13130.6 27.975
-327.133 -13501.6 -1.57368
-3399.1 -13165.7 -31.1384
-6326.89 -12134.5 -60.577
-8954.56 -10456.2 -89.7476
-11140.7 -8213.78 -118.509
-12766 -5520.72 -146.724
-13739.6 -2515.26 -174.255
-14004.6 646.639 -200.969
-13540.6 3799.37 -226.737
-12365.9 6776.37 -251.434
-10536.4 9418.9 -274.941
-8142.99 11584.5 -297.143
-5307.25 13154.7 -317.932
-2175.15 14041.4 -337.208
1090.39 14191.9 -354.876
4317.97 13591.9 -370.849
7336.72 12266.6 -385.05
9985.29 10279.7 -397.409
12120.5 7730.66 -407.865
13625 4749.24 -416.366
14413.8 1489.28 -422.87
14438.9 -1879.32 -427.343
13692.4 -5179.42 -429.762
12206.8 -8235.97 -430.114
10054.3 -10885.3 -428.397
7342.68 -12983.7 -424.615
4210.32 -14415.4 -418.787
819.045 -15098.9 -410.938
-2654.25 -14991.4 -401.105
-6026.76 -14091.5 -389.332
-9119.44 -12439.9 -375.677
-11766.4 -10117 -360.201
-13824 -7239.73 -342.98
-15178.3 -3955.07 -324.093
-15751.6 -432.928 -303.632
-15506.8 3142.77 -281.692
-14449.7 6583.66 -258.378
-12629 9706.86 -233.803
-10134.2 12344.7 -208.081
-7091.33 14353.6 -181.338
-3656.28 15622.1 -153.7
-7.11063 16076.7 -125.301
3665.23 15686.5 -96.2749
7166.94 14464.6 -66.7624
10311.5 12468.6 -36.9049
12929.7 9797.25 -6.84583
14878.5 6585.79 23.2703
16049.2 2999.32 53.2986
16373.2 -775.856 83.0944
15825.8 -4541.83 112.514
14428.5 -8099.46 141.416
12247.6 -11258.8 169.66
9391.56 -13849.5 197.11
6005.35 -15729.5 223.633
2263.27 -16793.1 249.101
-1640.05 -16977 273.39
-5499.78 -16263.7 296.382
-9111.58 -14682.8 317.967
-12282.4 -12310.3 338.038
-14840.9 -9264.53 356.497
-16646.5 -5700.35 373.256
-17597.2 -1801.48 388.231
-17635.2 2229.09 401.349
-16750.6 6179.65 412.546
-14982 9840.87 421.766
-12415 13016.9 428.963
-9178.33 15535.7 434.1
-5437.06 17258.6 437.152
-1384.44 18087.6 438.102
2768.17 17971.4 436.944
6802.27 16907.7 433.682
10503.7 14944.7 428.329
13674.1 12178.2 420.911
16141.2 8747.58 411.46
17768.7 4828.26 400.02
18463.2 623.166 386.646
18180 -3647.93 371.4
16925.4 -7759.86 354.354
14757.3 -11493.9 335.589
11782.3 -14649.3 315.192
8150.65 -17054.4 293.263
4048.43 -18575.2 269.904
-311.659 -19123.7 245.227
-4701.46 -18662.3 219.349
-8889.24 -17206.5 192.395
-12651.9 -14824.4 164.494
-15787 -11633.7 135.778
-18123.2 -7795.8 106.385
-19530.1 -3507.74 76.4567
-19925.3 1007.93 46.1364
-19278.8 5514.7 15.5696
-17615.8 9774.46 -15.0966
-15015.1 13560 -45.7147
-11605.9 16667.4 -76.1373
-7561.19 18926.5 -106.218
-3089.09 20210.6 -135.811
1577.93 20443.4 -164.774
6195.04 19603.6 -192.968
10517.9 17726.2 -220.255
14315.6 14901.3 -246.503
17383 11270.1 -271.586
19551.7 7017.43 -295.382
20699.3 2362.58 -317.775
20756.3 -2451.94 -338.656
19710.1 -7173.07 -357.923
17606.6 -11550.5 -375.484
14547.6 -15349.8 -391.25
10686.6 -18365.2 -405.146
6220.42 -20430.4 -417.103
1379.97 -21427.9 -427.061
-3582.26 -21295.6 -434.972
-8405.09 -20030.6 -440.795
-12832.4 -17689.7 -444.501
-16626.8 -14387.2 -446.07
-19582.1 -10288.9 -445.493
-21534.9 -5604.57 -442.771
-22373 -576.364 -437.915
-22042.5 4533.08 -430.948
-20550.5 9454.59 -421.9
-17965.5 13926.5 -410.814
-14414.6 17708.8 -397.742
-10076.8 20595.6 -382.744
-5174.33 22426.5 -365.892
38.7499 23095.8 -347.266
5289.82 22557.9 -326.952
10301.8 20830.7 -305.048
14808 17995.2 -281.659
18565.9 14191.6 -256.895
21370.4 9612.36 -230.874
23065.2 4492.75 -203.721
23551.1 -901.413 -175.565
22791.9 -6287.48 -146.542
20817 -11380.8 -116.79
17720 -15909.5 -86.4522
13655 -19629.5 -55.6738
8828.32 -22337.1 -24.6027
3488.38 -23880.2 6.61181
-2087.07 -24167.2 37.8195
-7605.43 -23171.9 68.8701
-12774.6 -20935.5 99.6141
-17318.2 -17565.4 129.903
-20990.7 -13229.6 159.591
-23590.4 -8148.75 188.535
-24970.4 -2584.74 216.594
-25047.1 3172.73 243.633
-23805 8821.19 269.521
-21298 14061.3 294.133
-17647.4 18612.7 317.348
-13036.1 22228.8 339.054
-7699.18 24710.6 359.145
-1912.22 25916.9 377.524
4023.07 25773 394.1
9794.47 24274.6 408.792
15095.7 21489.2 421.528
19642.7 17552.6 432.245
23188.7 12662.9 440.89
25537.6 7070.04 447.42
26555 1063.42 451.8
26175.6 -5043.17 454.01
24407.3 -10927.9 454.036
21331.5 -16278 451.876
17099.4 -20806 447.539
11924.5 -24265.4 441.044
6072.04 -26464.2 432.421
-154.483 -27275.1 421.71
-6429.32 -26643.1 408.96
-12421.3 -24588.9 394.231
-17811.2 -21208.7 377.592
-22308.9 -16669.4 359.122
-25668.9 -11200.7 338.909
-27703.7 -5083.42 317.048
-28294 1364.97 293.644
-27395.9 7806.65 268.807
-25043.7 13901.2 242.656
-21349 19323.7 215.316
-16495.1 23781.7 186.918
-10728.3 27031.2 157.597
-4345.04 28890 127.494
2322.75 29247.8 96.7529
8925.4 28072.4 65.5216
15113.6 25412.8 33.9498
20556.9 21396.2 2.18928
24961.2 16223.3 -29.6072
28084.8 10157 -61.2867
29751.7 3510.23 -92.6966
29861.1 -3371.02 -123.685
28393.6 -10125.2 -154.104
25413.2 -16394.3 -183.804
21064.2 -21843 -212.644
15564.5 -26176 -240.484
9194.68 -29154.8 -267.188
2283.79 -30610.1 -292.627
-4807.67 -30451.8 -316.678
-11706.5 -28674 -339.224
-18046.4 -25356.6 -360.154
-23487.5 -20661.4 -379.368
-27734.2 -14824.3 -396.772
-30551.7 -8143.94 -412.279
-31778.6 -965.788 -425.814
-31336 6335.22 -437.31
-29232.6 13374.4 -446.71
-25564.9 19777.5 -453.967
-20512.9 25200.6 -459.044
-14331.4 29348.7 -461.916
-7336.95 31991.4 -462.567
108.051 32975.9 -460.992
7614.29 32235.7 -457.196
14785.8 29794.8 -451.196
21240.9 25767.2 -443.019
26632.2 20351.8 -432.703
30665.8 13822.7 -420.296
33116.8 6514.98 -405.856
33841.9 -1192.03 -389.451
32787.8 -8894.66 -371.157
29994.7 -16185.9 -351.063
25595.1 -22677 -329.262
19807.5 -28018.1 -305.858
12925.6 -31916.8 -280.964
5303.59 -34154.6 -254.697
-2662.24 -34598.8 -227.183
-10553.9 -33210.3 -198.553
-17953.8 -30046.4 -168.945
-24466.4 -25258.9 -138.499
-29739.9 -19086.4 -107.362
-33484.7 -11843.2 -75.684
-35489.5 -3902.39 -43.6158
-35633 4322.35 -11.312
-33891.4 12399 21.0722
-30340.1 19899.4 53.3809
-25150.7 26422.3 85.4585
-18583.1 31614.3 117.151
-10972.2 35189.6 148.304
-2710.78 36945.1 178.769
5770.35 36771.9 208.397
14025.1 34662.5 237.046
21615.5 30711.1 264.577
28134.7 25110.6 290.856
33229 18142.2 315.756
36616.9 10162.2 339.156
38104.5 1583.34 360.943
37596.8 -7146.48 381.009
35103 -15567.4 399.257
30737.9 -23231.7 415.598
24715.6 -29728.1 429.951
17340 -34703 442.247
8988.93 -37880.4 452.423
95.2785 -39076.7 460.429
-8875.76 -38211.6 466.225
-17450.8 -35312.6 469.782
-25173.3 -30515.3 471.08
-31627.6 -24056.5 470.112
-36461.6 -16263.2 466.879
-39405.6 -7535.31 461.397
-40287.5 1674.01 453.689
-39042.6 10882.4 443.791
-35718 19603.1 431.748
-30471.1 27371.3 417.618
-23562.2 33767.9 401.466
-15341.8 38443.1 383.368
-6232.61 41134.6 363.411
3291.86 41682.9 341.688
12732.1 40040.1 318.302
21588.7 36273.9 293.366
29388.6 30564.6 266.998
35710.6 23196.8 239.323
40207.8 14545.2 210.473
42626.7 5055.6 180.588
42821.4 -4778 149.809
40762.2 -14439.1 118.285
36538.2 -23415.9 86.1654
30353.8 -31228.1 53.6056
22518.7 -37452.8 20.7617
13432.4 -41747.5 -12.2086
3564.15 -43868.3 -45.1465
-6571.46 -43684.3 -77.8934
-16441.2 -41185.2 -110.292
-25521.2 -36482.7 -142.185
-33324.7 -29806.2 -173.419
-39428.3 -21491.3 -203.844
-43494.6 -11962.9 -233.312
-45290.7 -1714.12 -261.68
-44702.1 8719.9 -288.812
-41738.7 18789.4 -314.574
-36536.4 27959 -338.844
-29350.4 35736.4 -361.501
-20543.1 41698.4 -382.436
-10565.4 45514 -401.548
65.6425 46962.7 -418.741
10794.2 45947.3 -433.933
21054.2 42499.8 -447.048
30299.7 36780.9 -458.021
38033.2 29072.9 -466.799
43833 19765.6 -473.336
47375.8 9336.55 -477.6
48454.7 -1673 -479.568
46991.2 -12686.6 -479.23
43040.5 -23122.4 -476.584
36789.5 -32424 -471.641
28548.5 -40090.3 -464.425
18735.6 -45701.9 -454.967
7855.39 -48944.5 -443.311
-3526.46 -49626.2 -429.512
-14813 -47688.5 -413.634
-25406.9 -43211.1 -395.753
-34742.5 -36408.5 -375.952
-42315.5 -27619.7 -354.325
-47710.2 -17291.9 -330.975
-50622.7 -5957.39 -306.013
-50877.2 5793.69 -279.559
-48437.1 17344 -251.737
-43407.7 28081.5 -222.681
-36032 37431.6 -192.53
-26679.3 44888.1 -161.427
-15826.3 50040.3 -129.523
-4033.32 52595.9 -96.97
8084.76 52397 -63.9239
19890.6 49429.9 -30.5435
30757.6 43827.1 3.01069
40103.6 35861.4 36.5773
47421.4 25933.1 69.9947
52306.7 14549.4 103.102
54480.1 2298.87 135.739
53803 -10178.8 167.75
50286.4 -22226.5 198.978
44091.3 -33203.9 229.274
35521.4 -42521.9 258.49
25009 -49673.7 286.485
13092.4 -54262.6 313.124
388.909 -56023.8 338.276
-12437 -54839.6 361.821
-24708.9 -50747 383.642
-35773.5 -43936.9 403.635
-45035.5 -34745.3 421.7
-51990 -23637.2 437.75
-56249.2 -11182.9 451.705
-57564.6 1971.34 463.497
-55840.9 15136.5 473.067
-51142.6 27617 480.368
-43692 38747.4 485.362
-33858.6 47927.6 488.024
-22141.2 54655.6 488.339
-9142.37 58554.2 486.303
4462.31 59392.7 481.924
17959.3 57099.9 475.222
30634.5 51769.5 466.228
41811.2 43656.4 454.981
50885.5 33165 441.535
57359.7 20828.5 425.953
60869.1 7282.6 408.308
61202.1 -6767.68 388.684
58313.5 -20584.5 367.172
52327.7 -33435.9 343.876
43533.8 -44634.6 318.906
32372 -53574.4 292.38
19411.2 -59763.5 264.426
5320.42 -62850.7 235.177
-9165.69 -62646.1 204.772
-23285.3 -59131.7 173.357
-36289.1 -52464.4 141.082
-47480.4 -42968.9 108.102
-56252 -31122.4 74.5752
-62119.4 -17530.2 40.6626
-64747.1 -2895.28 6.52714
-63968.2 12018.1 -27.6672
-59793.9 26424.2 -61.7557
-52415.1 39557.6 -95.5743
-42193.7 50713 -128.96
-29644.9 59283.6 -161.751
-15411.5 64794.1 -193.791
-230.683 66926.2 -224.923
15103.6 65537.8 -254.997
29782.6 60671.4 -283.868
43024.9 52553.6 -311.395
54118.2 41584.7 -337.446
62457.7 28319.3 -361.893
67578.5 13438.1 -384.618
69182 -2286.9 -405.509
67152.6 -18032.3 -424.465
61565.8 -32966.4 -441.393
52685.6 -46293.3 -456.209
40952.2 -57294.8 -468.842
26960.8 -65369.4 -479.228
11430.7 -70064.9 -487.315
-4831.03 -71103.9 -493.062
-20971.7 -68399.5 -496.441
-36137.4 -62062 -497.433
-49518.4 -52394.6 -496.031
-60392.2 -39878.9 -492.24
-68162.4 -25151.5 -486.076
-72391.3 -8971.15 -477.567
-72824.7 7819.81 -466.753
-69406.4 24339.5 -453.684
-62283.5 39712.7 -438.419
-51799.9 53117 -421.032
-38480.3 63826.8 -401.605
-23003.5 71252.8 -380.228
-6168.65 74973.8 -357.004
11146.8 74760.7 -332.043
28032 70590.2 -305.464
43591 62648.1 -277.392
56990.2 51320.9 -247.963
67502.6 37177.4 -217.317
74547.5 20940.2 -185.6
77722.4 3448.81 -152.964
76825.5 -14383.7 -119.565
71868.6 -31618.1 -85.5643
63078 -47338.7 -51.1243
50884.7 -60701.8 -16.4106
35902.9 -70980.7 18.41
18899.9 -77605.6 53.1698
756.185 -80194.3 87.7016
-17579.6 -78575.1 121.839
-35140.4 -72796.7 155.417
-50991.7 -63128 188.274
-64281.1 -50046.1 220.251
-74284.2 -34212.3 251.193
-80443.7 -16439.1 280.951
-82400.7 2351.15 309.38
-80015.2 21174.6 336.343
-73375.2 39037 361.708
-62794.5 54986.1 385.353
-48797.7 68162.3 407.161
-32094.5 77845.3 427.027
-13543.8 83492.8 444.853
5890.18 84771 460.552
25188.4 81574.3 474.047
43330 74032.3 485.27
59346.3 62505.4 494.167
72372.3 47567.8 500.691
81693.7 29978.8 504.811
86785.4 10644.5 506.504
87341.3 -9428.91 505.76
83292.4 -29187.3 502.581
74812.2 -47584.1 496.98
62310 -63635.5 488.982
46411 -76472.8 478.623
27925.6 -85389.8 465.953
7807.62 -89881.1 451.029
-12894.3 -89670.8 433.922
-33091.5 -84728.9 414.713
-51712.7 -75275.3 393.491
-67760.2 -61769.9 370.359
-80363.7 -44890.9 345.425
-88827.3 -25500.8 318.808
-92667.8 -4602.02 290.636
-91641.9 16714.4 261.041
-85761.2 37325.7 230.167
-75294.3 56136.7 198.159
-60754 72137.9 165.172
-42873 84459.1 131.364
-22567.1 92417.2 96.8956
-887.962 95553.4 61.9335
21031 93660 26.6452
42033.5 86792.8 -8.79966
61002 75271.3 -44.2306
76916.3 59663.5 -79.4769
88908.7 40758.2 -114.369
96311.4 19525.4 -148.738
98692.9 -2933.46 -182.42
95883.4 -25442.4 -215.249
87985.8 -46812.8 -247.069
75373 -65905.4 -277.726
58669.8 -81691.7 -307.07
38723.1 -93308.7 -334.959
16558.2 -100106 -361.258
-6673.27 -101683 -385.839
-29753.3 -97910 -408.583
-51461.2 -88940 -429.378
-70638.2 -75201.3 -448.122
-86248.9 -57378.2 -464.725
-97437.6 -36376.7 -479.103
-103574 -13278.6 -491.187
-104291 10714 -500.916
-99502.6 34341.2 -508.242
-89413.6 56351.5 -513.127
-74511.2 75567.8 -515.545
-55540.5 90950.5 -515.484
-33468.6 101653 -512.941
-9434.49 107069 -507.927
15309 106867 -500.464
39460.7 101007 -490.586
61739.2 89750.3 -478.339
80950.9 73643.9 -463.778
96054 53496.5 -446.974
106214 30337.4 -428.004
110852 5363.67 -406.959
109673 -20120.9 -383.938
102690 -44774.4 -359.051
90219.5 -67287 -332.415
72873.1 -86450.4 -304.157
51524.6 -101223 -274.413
27266.7 -110786 -243.323
1355.53 -114588 -211.038
-24854.4 -112378 -177.711
-49980.9 -104221 -143.501
-72687.2 -90494.5 -108.574
-91752.4 -71876.1 -73.0952
-106138 -49306.5 -37.2366
-115042 -23943.5 -1.16991
-117947 2897.17 34.9313
-114647 29810.4 70.8933
-105262 55374.9 106.543
-90234.4 78228.1 141.708
-70309.9 97138.9 176.219
-46497.9 111074 209.91
-20022.7 119253 242.617
7740.09 121194 274.183
35334.8 116739 304.454
61301.8 106069 333.283
84254.9 89692.4 360.532
102955 68424.8 386.067
