-667.832 -1602.49 -406.879
-796.656 -1698.68 -385.313
-947.63 -1765.6 -361.874
-1113.59 -1798.79 -336.675
-1286.52 -1795.53 -309.835
-1457.95 -1755 -281.482
-1619.39 -1678.33 -251.751
-1762.84 -1568.58 -220.784
-1881.14 -1430.55 -188.73
-1968.39 -1270.6 -155.741
-2020.29 -1096.27 -121.977
-2034.34 -915.938 -87.5977
-2010.03 -738.362 -52.7695
-1948.86 -572.225 -17.6594
-1854.28 -425.675 17.5639
-1731.52 -305.89 52.7309
-1587.34 -218.694 87.6722
-1429.71 -168.232 122.22
-1267.33 -156.74 156.206
-1109.24 -184.41 189.468
-964.342 -249.359 221.845
-840.876 -347.716 253.179
-746.035 -473.803 283.32
-685.551 -620.425 312.122
-663.38 -779.232 339.443
-681.482 -941.153 365.153
-739.698 -1096.87 389.126
-835.74 -1237.3 411.244
-965.292 -1354.1 431.401
-1122.22 -1440.08 449.497
-1298.89 -1489.62 465.444
-1486.54 -1498.97 479.163
-1675.74 -1466.46 490.587
-1856.9 -1392.63 499.658
-2020.76 -1280.19 506.331
-2158.87 -1133.92 510.572
-2264.07 -960.404 512.358
-2330.86 -767.746 511.68
-2355.74 -565.112 508.538
-2337.33 -362.279 502.945
-2276.58 -169.112 494.927
-2176.63 4.94828 484.52
-2042.72 151.394 471.772
-1881.94 263.103 456.742
-1702.83 334.731 439.503
-1514.98 363.006 420.133
-1328.5 346.923 398.726
-1153.52 287.812 375.382
-999.646 189.292 350.212
-875.429 57.1 323.336
-787.928 -101.198 294.883
-742.312 -276.586 264.987
-741.574 -459.066 233.791
-786.353 -638.174 201.445
-874.878 -803.53 168.103
-1003.04 -945.39 133.925
-1164.6 -1055.16 99.0754
-1351.48 -1125.87 63.7207
-1554.19 -1152.56 28.0309
-1762.31 -1132.51 -7.82248
-1965.02 -1065.51 -43.6669
-2151.71 -953.759 -79.3299
-2312.5 -801.889 -114.64
-2438.78 -616.667 -149.426
-2523.67 -406.685 -183.52
-2562.42 -181.919 -216.759
-2552.68 46.7904 -248.981
-2494.6 268.298 -280.03
-2390.9 471.744 -309.756
-2246.72 647.127 -338.015
-2069.36 785.843 -364.669
-1867.95 881.149 -389.589
-1652.94 928.539 -412.654
-1435.6 925.997 -433.75
-1227.39 874.13 -452.776
-1039.41 776.154 -469.637
-881.737 637.753 -484.252
-762.963 466.792 -496.546
-689.67 272.928 -506.46
-666.09 67.1109 -513.945
-693.856 -138.982 -518.961
-771.894 -333.559 -521.483
-896.453 -505.331 -521.496
-1061.28 -644.119 -519
-1257.94 -741.397 -514.003
-1476.22 -790.759 -506.527
-1704.68 -788.276 -496.607
-1931.21 -732.724 -484.289
-2143.72 -625.674 -469.629
-2330.71 -471.433 -452.698
-2481.94 -276.84 -433.573
-2588.97 -50.9295 -412.346
-2645.58 195.532 -389.116
-2648.17 450.595 -363.995
-2595.96 701.748 -337.102
-2491.03 936.577 -308.564
-2338.28 1143.42 -278.518
-2145.15 1311.98 -247.108
-1921.26 1433.91 -214.482
-1677.97 1503.23 -180.798
-1427.71 1516.71 -146.217
-1183.4 1474.01 -110.904
-957.76 1377.77 -75.0283
-762.6 1233.48 -38.7631
-608.231 1049.21 -2.28228
-502.885 835.216 34.2388
-452.267 603.395 70.6244
-459.233 366.703 106.699
-523.609 138.458 142.289
-642.182 -68.3549 177.223
-808.834 -241.773 211.331
-1014.85 -371.497 244.45
-1249.34 -449.449 276.418
-1499.82 -470.221 307.082
-1752.82 -431.379 336.291
-1994.65 -333.625 363.905
-2212.04 -180.783 389.79
-2392.91 20.3768 413.819
-2526.98 260.467 435.875
-2606.37 527.956 455.851
-2625.99 809.762 473.648
-2583.85 1091.93 489.18
-2481.22 1360.34 502.369
-2322.56 1601.51 513.15
-2115.3 1803.24 521.47
-1869.52 1955.31 527.286
-1597.41 2050.04 530.569
-1312.65 2082.7 531.3
-1029.69 2051.79 529.474
-763.011 1959.16 525.098
-526.353 1809.93 518.19
-331.978 1612.25 508.783
-190.018 1376.88 496.919
-107.912 1116.67 482.653
-89.9969 845.915 466.053
-137.246 579.546 447.195
-247.193 332.41 426.17
-414.027 118.458 403.076
-628.875 -49.9983 378.024
-880.242 -162.947 351.131
-1154.59 -213.228 322.527
-1437.06 -196.937 292.348
-1712.2 -113.656 260.736
-1964.82 33.4885 227.845
-2180.77 237.963 193.83
-2347.73 490.141 158.855
-2455.81 777.787 123.087
-2498.19 1086.68 86.6974
-2471.41 1401.33 49.8617
-2375.65 1705.83 12.7565
-2214.72 1984.63 -24.4399
-1995.91 2223.42 -61.5485
-1729.63 2409.87 -98.3905
-1428.85 2534.28 -134.788
-1108.51 2590.16 -170.567
-784.677 2574.57 -205.553
-473.757 2488.3 -239.577
-191.601 2335.9 -272.476
47.3252 2125.42 -304.089
230.72 1868.05 -334.263
349.113 1577.57 -362.853
396.392 1269.58 -389.719
370.155 960.776 -414.731
271.869 668.01 -437.766
106.825 407.434 -458.712
-116.106 193.634 -477.467
-384.91 38.8419 -493.938
-685.042 -47.7275 -508.045
-1000.17 -60.3914 -519.718
-1313.01 2.66966 -528.898
-1606.26 139.283 -535.539
-1863.48 343.361 -539.608
-2070 605.192 -541.082
-2213.69 911.92 -539.953
-2285.62 1248.2 -536.224
-2280.58 1596.97 -529.911
-2197.37 1940.36 -521.041
-2038.91 2260.63 -509.656
-1812.12 2541.08 -495.809
-1527.56 2766.96 -479.564
-1198.96 2926.29 -460.997
-842.494 3010.47 -440.196
-475.922 3014.78 -417.26
-117.705 2938.69 -392.296
213.982 2785.91 -365.424
502.215 2564.19 -336.772
732.216 2285.02 -306.475
892.163 1963 -274.679
973.834 1615.12 -241.535
973.073 1259.85 -207.201
890.048 916.245 -171.843
729.278 602.871 -135.629
499.433 336.86 -98.7329
212.91 132.983 -61.3322
-114.786 2.84591 -23.6062
-465.838 -45.7473 14.2636
-821.034 -9.24235 52.0952
-1160.77 111.441 89.7063
-1466.1 310.917 126.916
-1719.71 579.583 163.544
-1906.86 904.087 199.414
-2016.21 1268 234.354
-2040.42 1652.65 268.193
-1976.58 2038.12 300.768
-1826.41 2404.24 331.921
-1596.19 2731.7 361.502
-1296.5 3003.02 389.366
-941.68 3203.57 415.378
-549.089 3322.29 439.412
-138.247 3352.34 461.349
270.196 3291.5 481.083
655.539 3142.34 498.517
998.12 2912.08 513.566
1280.37 2612.3 526.154
1487.75 2258.34 536.219
1609.54 1868.52 543.712
1639.49 1463.21 548.593
1576.1 1063.77 550.837
1422.81 691.418 550.431
1187.85 366.134 547.375
883.82 105.561 541.682
527.094 -75.9261 533.376
136.965 -168.017 522.496
-265.336 -165.042 509.093
-657.751 -66.3166 493.228
-1018.55 123.784 474.976
-1327.49 396.008 454.423
-1566.87 736.673 431.665
-1722.54 1128.35 406.812
-1784.64 1550.76 379.98
-1748.14 1981.81 351.298
-1613.21 2398.74 320.902
-1385.21 2779.34 288.936
-1074.47 3103.1 255.554
-695.78 3352.34 220.915
-267.64 3513.16 185.185
188.659 3576.16 148.534
650.16 3537.07 111.14
1093.43 3396.93 73.18
1495.78 3162.14 34.8375
1836.5 2844.12 -3.70341
2097.94 2458.82 -42.2574
2266.5 2025.83 -80.6388
2333.35 1567.45 -118.663
2294.96 1107.5 -156.146
2153.33 670.08 -192.908
1915.93 278.305 -228.771
1595.35 -46.9335 -263.561
1208.69 -288.083 -297.11
776.67 -431.892 -329.256
322.612 -470.142 -359.842
-128.814 -400.132 -388.721
-552.86 -224.865 -415.752
-926.009 47.0579 -440.803
-1227.23 401.847 -463.753
-1439.12 821.202 -484.488
-1548.83 1283.24 -502.908
-1548.82 1763.64 -518.921
-1437.26 2236.86 -532.449
-1218.23 2677.52 -543.426
-901.503 3061.74 -551.794
-502.115 3368.39 -557.514
-39.6012 3580.25 -560.554
462.993 3684.94 -560.898
980.301 3675.64 -558.543
1485.95 3551.48 -553.496
1953.95 3317.64 -545.782
2360.08 2985.12 -535.434
2683.14 2570.24 -522.5
2906.18 2093.81 -507.04
3017.32 1580.03 -489.127
3010.55 1055.32 -468.845
2885.98 546.872 -446.291
2649.96 81.2582 -421.569
2314.79 -316.991 -394.799
1898.1 -626.695 -366.106
1421.98 -831.179 -335.628
911.831 -919.187 -303.51
395.1 -885.526 -269.905
-100.205 -731.396 -234.974
-546.96 -464.381 -198.884
-920.377 -98.1013 -161.808
-1199.33 348.449 -123.922
-1367.51 851.863 -85.4104
-1414.31 1385.51 -46.4563
-1335.47 1920.94 -7.24729
-1133.31 2429.33 32.028
-816.712 2883.03 71.1806
-400.685 3257.05 110.022
94.3775 3530.35 148.365
643.719 3687.06 186.024
1219.49 3717.29 222.818
1792.21 3617.76 258.569
2332.27 3392 293.104
2811.54 3050.23 326.256
3204.85 2608.89 357.864
3491.34 2089.81 387.774
3655.59 1519.13 415.842
3688.53 925.907 441.93
3587.92 340.661 465.912
3358.55 -206.258 487.67
3012.05 -686.268 507.098
2566.35 -1074.08 524.101
2044.74 -1349.05 538.595
1474.75 -1496.33 550.507
886.673 -1507.71 559.779
312.03 -1382.07 566.363
-218.102 -1125.54 570.227
-674.734 -751.223 571.348
-1032.51 -278.56 569.72
-1271.1 267.628 565.348
-1376.27 858.414 558.252
-1340.75 1462.26 548.462
-1164.62 2046.65 536.024
-855.418 2579.81 520.996
-427.781 3032.38 503.448
97.2669 3379.02 483.462
693.358 3599.74 461.133
1330.13 3681.02 436.566
1974.81 3616.59 409.878
2593.9 3407.82 381.195
3154.96 3063.72 350.655
3628.32 2600.51 318.402
3988.68 2040.84 284.59
4216.47 1412.66 249.381
4298.97 747.779 212.944
4230.99 80.2084 175.452
4015.25 -555.598 137.086
3662.3 -1126.57 98.0287
3190 -1602.78 58.4684
2622.68 -1959.04 18.595
1989.9 -2176.31 -21.4
1324.92 -2242.69 -61.324
662.977 -2154.19 -100.985
39.4587 -1914.96 -140.191
-511.982 -1537.14 -178.754
-961.213 -1040.32 -216.488
-1283.25 -450.553 -253.209
-1459.62 200.982 -288.742
-1479.38 879.551 -322.912
-1339.8 1548.69 -355.556
-1046.54 2172.11 -386.514
-613.425 2715.62 -415.636
-61.8238 3148.95 -442.781
580.454 3447.37 -467.817
1280.55 3593.08 -490.62
2002.26 3576.16 -511.08
2707.91 3395.24 -529.096
3360.33 3057.54 -544.579
3924.84 2578.68 -557.454
4371.07 1981.84 -567.655
4674.66 1296.64 -575.131
4818.53 557.632 -579.846
4793.91 -197.502 -581.772
4600.81 -929.889 -580.9
4248.16 -1601.52 -577.231
3753.4 -2177.28 -570.78
3141.58 -2626.8 -561.576
2444.17 -2926.12 -549.661
1697.44 -3059 -535.091
940.553 -3017.88 -517.933
213.545 -2804.3 -498.269
-444.781 -2428.94 -476.19
-998.923 -1911.12 -451.801
-1418.58 -1277.86 -425.217
-1680.31 -562.517 -396.566
-1768.81 196.932 -365.982
-1677.8 959.836 -333.612
-1410.46 1685.01 -299.61
-979.307 2332.9 -264.139
-405.633 2867.69 -227.367
281.539 3259.23 -189.472
1046.93 3484.67 -150.634
1850.8 3529.72 -111.04
2651.04 3389.53 -70.8798
3405.34 3068.98 -30.346
4073.43 2582.5 10.3663
4619.25 1953.44 51.0614
5012.87 1212.88 91.5434
5232.13 398.066 131.617
5263.87 -449.515 171.089
5104.74 -1286.28 209.77
4761.39 -2068.82 247.471
4250.3 -2756.23 284.012
3596.92 -3312.28 319.214
2834.44 -3707.33 352.908
2002.09 -3920.01 384.931
1143.12 -3938.4 415.126
302.57 -3760.72 443.347
-475.117 -3395.56 469.456
-1148.44 -2861.46 493.326
-1681.06 -2186.07 514.841
-2043.75 -1404.74 533.895
-2216.05 -558.71 550.393
-2187.35 306.984 564.256
-1957.59 1145.88 575.413
-1537.36 1912.54 583.81
-947.385 2564.94 589.402
-217.575 3066.71 592.162
614.516 3389.14 592.074
1505.59 3512.76 589.135
2408.84 3428.41 583.358
3276.39 3137.86 574.769
4061.86 2653.77 563.405
4722.74 1999.17 549.32
5222.75 1206.27 532.58
5533.79 314.907 513.262
5637.48 -629.559 491.458
5526.21 -1578.55 467.271
5203.68 -2482.81 440.815
4684.75 -3295.04 412.216
3994.81 -3972.36 381.61
3168.46 -4478.66 349.142
2247.83 -4786.52 314.967
1280.38 -4878.79 279.249
316.447 -4749.54 242.158
-593.384 -4404.49 203.871
-1400.95 -3860.82 164.572
-2063.08 -3146.33 124.45
-2543.92 -2298.1 83.6962
-2816.88 -1360.6 42.5069
-2866.15 -383.375 1.07996
-2687.59 581.472 -40.3854
-2289.08 1482.06 -81.6896
-1690.19 2269.44 -122.634
-921.261 2900.24 -163.02
-21.8938 3338.96 -202.654
961.068 3559.97 -241.345
1975.95 3548.92 -278.904
2968.91 3303.57 -315.152
3886.82 2834.08 -349.911
4680.02 2162.54 -383.013
5305.01 1321.89 -414.299
5726.77 354.329 -443.615
5920.72 -690.882 -470.819
5874.09 -1759.94 -495.778
5586.71 -2797.3 -518.371
5071.1 -3748.62 -538.487
4351.97 -4563.59 -556.026
3464.95 -5198.68 -570.903
2454.89 -5619.48 -583.044
1373.5 -5802.59 -592.388
276.698 -5736.96 -598.888
-778.282 -5424.56 -602.509
-1735.94 -4880.45 -603.234
-2545.42 -4132.01 -601.055
-3163.28 -3217.68 -595.981
-3555.82 -2185 -588.034
-3700.95 -1088.14 -577.25
-3589.47 14.8391 -563.678
-3225.68 1065.07 -547.382
-2627.23 2005.97 -528.438
-1824.34 2786.22 -506.935
-858.316 3362.57 -482.975
220.576 3702.17 -456.67
1355.64 3784.38 -428.146
2486.72 3602 -397.538
3553.33 3161.76 -364.992
4497.86 2484.07 -330.662
5268.64 1602.08 -294.714
5822.73 560.006 -257.318
6128.24 -589.049 -218.653
6166.14 -1785.88 -178.904
5931.37 -2968.22 -138.263
5433.22 -4074.03 -96.9233
4694.97 -5044.75 -55.0839
3752.79 -5828.45 -12.9458
2653.93 -6382.6 29.2883
1454.33 -6676.45 71.4154
215.74 -6692.7 113.232
-997.51 -6428.56 154.538
-2121.86 -5896.04 195.133
-3097.9 -5121.41 234.82
-3873.53 -4143.96 273.41
-4406.82 -3014.02 310.714
-4668.23 -1790.43 346.552
-4642.39 -537.471 380.751
-4328.94 678.471 413.144
-3742.72 1792.39 443.575
-2913.14 2744.11 471.894
-1882.69 3481.51 497.965
-704.881 3963.35 521.66
558.525 4161.53 542.862
1840.7 4062.7 561.468
3073.25 3669.1 577.386
4189.78 2998.58 590.538
5129.45 2083.77 600.857
5840.23 970.505 608.292
6281.72 -284.472 612.805
6427.4 -1616.44 614.371
6266.13 -2956.03 612.982
5802.9 -4232.86 608.64
5058.69 -5379.22 601.365
4069.5 -6333.73 591.189
2884.6 -7044.56 578.159
1564 -7472.32 562.336
175.437 -7592.21 543.793
-1209.2 -7395.48 522.617
-2517.58 -6890.01 498.909
-3680.8 -6100.06 472.78
-4637.01 -5065.12 444.354
-5334.74 -3837.97 413.766
-5735.77 -2481.98 381.162
-5817.2 -1067.9 346.697
-5572.81 329.88 310.535
-5013.57 1637.16 272.85
-4167.15 2783.88 233.821
-3076.67 3707.89 193.634
-1798.49 4358.24 152.484
-399.42 4698.03 110.567
1046.79 4706.43 68.0833
2463.24 4379.96 25.2382
3773.92 3732.82 -17.7627
4907.77 2796.26 -60.7127
5802.41 1617.14 -103.405
6407.59 255.515 -145.633
6687.89 -1218.35 -187.195
6624.75 -2727.65 -227.888
6217.6 -4193.02 -267.517
5484.02 -5536.73 -305.891
4459.03 -6686.76 -342.822
3193.3 -7580.72 -378.133
1750.71 -8169.15 -411.652
205.005 -8418.34 -443.216
-1363.95 -8312.16 -472.671
-2874.38 -7853.13 -499.875
-4246.89 -7062.4 -524.695
-5408.65 -5978.85 -547.009
-6297.36 -4657.14 -566.707
-6864.58 -3165 -583.693
-7078.45 -1579.73 -597.883
-6925.5 15.7793 -609.206
-6411.49 1537.37 -617.606
-5561.35 2904.08 -623.039
-4417.95 4042.42 -625.477
-3040.06 4890.33 -624.907
-1499.34 5400.58 -621.328
123.339 5543.35 -614.754
1742.04 5308.01 -605.217
3270.32 4703.82 -592.758
4625.71 3759.6 -577.436
5734.21 2522.41 -559.322
6534.19 1055.22 -538.501
6979.78 -566.31 -515.071
7043.45 -2257.68 -489.142
6717.6 -3929.95 -460.839
6015.14 -5494.41 -430.294
4969.02 -6867.26 -397.653
3630.6 -7974.07 -363.072
2067.17 -8753.84 -326.715
358.476 -9162.26 -288.757
-1407.35 -9174.27 -249.378
-3138.4 -8785.53 -208.767
-4743.77 -8012.82 -167.118
-6138.42 -6893.33 -124.632
-7247.69 -5482.92 -81.5113
-8011.35 -3853.26 -37.9639
-8386.89 -2088.27 5.80113
-8351.93 -279.695 49.5734
-7905.6 1477.59 93.1421
-7068.72 3090.6 136.297
-5882.96 4473.2 178.831
-4408.75 5550.64 220.538
-2722.32 6263.69 261.217
-911.752 6571.84 300.671
927.546 6455.62 338.709
2697.81 5917.85 375.147
4304.07 4983.62 409.809
5659.21 3699.23 442.525
6688.61 2129.87 473.138
7334.22 356.374 501.497
7557.75 -1528.93 527.466
7342.91 -3426.98 550.915
6696.39 -5237.17 571.732
5647.79 -6862.65 589.813
4248.21 -8215.48 605.069
2567.73 -9221.33 617.425
691.889 -9823.57 626.819
-1282.68 -9986.37 633.202
-3253.29 -9696.81 636.543
-5116.56 -8965.73 636.822
-6773.86 -7827.41 634.036
-8136.61 -6337.93 628.195
-9130.96 -4572.39 619.326
-9701.92 -2621.15 607.468
-9816.36 -585.135 592.677
-9464.97 1429.35 575.02
-8662.98 3316.22 554.581
-7449.56 4975.23 531.457
-5885.93 6317.3 505.755
-4052.36 7269.29 477.598
-2044.08 7778.1 447.12
33.6283 7813.53 414.465
2070.9 7370.17 379.788
3959.06 6467.85 343.255
5596.35 5150.84 305.041
6893.39 3485.71 265.328
7778.01 1558.01 224.305
8199.21 -532.082 182.17
8130.01 -2674.92 139.124
7569.13 -4757.11 95.3741
6541.26 -6667.47 51.1298
5095.99 -8302.9 6.60391
3305.4 -9573.93 -37.9895
1260.46 -10409.6 -82.4357
-933.644 -10761.2 -126.521
-3162.89 -10605.2 -170.032
-5310.41 -9944.9 -212.76
-7262.61 -8809.94 -254.498
-8915.24 -7255.49 -295.044
-10178.9 -5359.29 -334.202
-10984.1 -3217.84 -371.783
-11284.8 -941.416 -407.605
-11061.2 1351.61 -441.493
-10321.1 3540.95 -473.282
-9099.76 5510.76 -502.82
-7457.89 7155.79 -529.96
-5479.15 8387.03 -554.571
-3265.64 9136.54 -576.532
-932.795 9361.29 -595.735
1396.68 9045.56 -612.086
3599.18 8202.07 -625.503
5556.74 6871.56 -635.921
7163.31 5120.82 -643.285
8330.45 3039.48 -647.559
8992.2 735.393 -648.718
9108.73 -1670.86 -646.756
8668.65 -4052.25 -641.679
7689.91 -6281.92 -633.509
6219.09 -8239.95 -622.283
4329.17 -9819.7 -608.052
2115.92 -10933.6 -590.883
-306.942 -11517.8 -570.855
-2813.65 -11536.2 -548.064
-5272.87 -10981.8 -522.616
-7554.64 -9878.24 -494.631
-9537.22 -8278.11 -464.243
-11113.6 -6260.78 -431.597
-12197.3 -3928.36 -396.846
-12727.1 -1400.48 -360.157
-12670.5 1191.87 -321.705
-12025.7 3713.12 -281.673
-10822 6030.31 -240.253
-9118.24 8020.07 -197.644
-7000.53 9575.29 -154.049
-4577.38 10610.8 -109.678
-1974.42 11068.4 -64.7425
672.102 10919.5 -19.4598
3222.49 10167.6 25.9529
5540.89 8848.15 71.2771
7502.53 7026.67 116.295
9000.43 4795.91 160.788
9951.14 2271.05 204.544
10299.5 -416.192 247.349
10021.5 -3124.37 288.999
9126.22 -5709.7 329.29
7655.41 -8033.6 368.029
5681.53 -9970.12 405.027
3304.3 -11412.6 440.105
645.643 -12279.8 473.093
-2156.59 -12519.7 503.83
-4955.74 -12113.4 532.166
-7604.02 -11075.8 557.963
-9960.31 -9455.3 581.095
-11897.7 -7331.47 601.447
-13310.2 -4811.25 618.922
-14118.8 -2023.41 633.43
-14275.5 887.994 644.901
-13766.4 3771.14 653.277
-12612.7 6474.35 658.515
-10869.7 8854.14 660.587
-8624.4 10782.9 659.48
-5991.14 12155.6 655.198
-3105.65 12895.8 647.759
-118.198 12959.8 637.196
2814.26 12339.3 623.556
5536.3 11061.8 606.904
7902.27 9190.14 587.317
9784.08 6818.87 564.888
11078.1 4069.83 539.721
11710.8 1085.87 511.935
11643.1 -1976.5 481.663
10872.5 -4955.24 449.048
9433.61 -7691.34 414.245
7396.67 -10037.2 377.421
4864.18 -11864.5 338.75
1965.7 -13071.4 298.417
-1148.73 -13587.7 256.615
-4316.31 -13379.1 213.545
-7370.04 -12449.5 169.412
-10147.5 -10840.8 124.428
-12499.2 -8631.1 78.8087
-14297.2 -5931.02 32.7738
-15441.5 -2878.03 -13.4557
-15865.7 370.548 -59.6576
-15540.8 3645.68 -105.609
-14477.4 6775.44 -151.09
-12725 9594.11 -195.879
-10369.9 11950.9 -239.761
-7531.01 13718.2 -282.525
-4353.96 14798.3 -323.962
-1003.37 15129 -363.873
2345.47 14687.2 -402.065
5515.89 13490.4 -438.352
8339.07 11596 -472.558
10663.1 9098.97 -504.516
12361.1 6126.77 -534.072
13338.1 2833.16 -561.08
13536.6 -609.77 -585.408
12939.5 -4020.57 -606.939
11571.8 -7217.89 -625.565
9499.31 -10030.1 -641.194
6825.7 -12304.3 -653.749
3687.33 -13915 -663.168
246.3 -14770.2 -669.401
-3317.87 -14817.4 -672.417
-6817.57 -14046.2 -672.199
-10066.9 -12489.4 -668.744
-12891.7 -10221.5 -662.068
-15138.6 -7355.23 -652.199
-16683.4 -4036.07 -639.183
-17437.8 -434.596 -623.079
-17354.8 3262.2 -603.963
-16431 6860.64 -581.925
-14707.4 10170.5 -557.067
-12267.5 13015.3 -529.508
-9233.66 15241.3 -499.377
-5760.44 16726.3 -466.819
-2027.05 17386.3 -431.987
1772.01 17179.8 -395.048
5437.08 16111 -356.178
8773.85 14229.5 -315.562
11603.6 11628.5 -273.394
13773 8439.88 -229.876
15162.1 4827.63 -185.217
15691.3 979.691 -139.63
15325.5 -2901.95 -93.3351
14076.9 -6611.77 -46.5534
12004.2 -9951.52 0.489956
9210.31 -12740.8 47.5686
5837.11 -14826.7 94.4561
2058.32 -16092.1 140.926
-1929.37 -16462.4 186.756
-5916.51 -15909.4 231.723
-9691.84 -14453.5 275.61
-13053.4 -12163.2 318.206
-15819.4 -9151.43 359.304
-17837.9 -5570.34 398.706
-18995 -1603.51 436.22
-19221.5 2543.51 471.664
-18496.6 6653.85 504.866
-16849.6 10510.6 535.664
-14358.9 13908.6 563.909
-11147.9 16664.7 589.461
-7379.52 18628.4 612.197
-3247.16 19689.7 632.003
1034.66 19785.2 648.783
5241.72 18901.9 662.454
9151.76 17078.7 672.946
12556.3 14404.2 680.208
15271.7 11012.9 684.2
17149.3 7078.23 684.903
18083.2 2803.92 682.309
18016.5 -1586.61 676.428
16944.7 -5861.84 667.287
14916.4 -9794.34 654.925
12031.2 -13172.8 639.402
8434.72 -15813.3 620.787
4311.53 -17569.4 599.17
-124.376 -18340.1 574.651
-4640.6 -18075.5 547.346
-8998.46 -16780 517.384
-12965.5 -14512.6 484.908
-16328.1 -11384.2 450.071
-18902.3 -7551.86 413.04
-20544.6 -3211.62 373.991
-21159.2 1412.16 333.11
-20703.8 6078.1 290.593
-19192.4 10540.5 246.643
-16694.8 14562.2 201.47
-13333.5 17927.4 155.291
-9277.77 20452.8 108.328
-4734.95 21998.2 60.8056
59.9965 22473.7 12.9523
4856.76 21845.2 -35.0016
9402.74 20136.7 -82.8255
13456.4 17429.3 -130.289
16800.1 13857.8 -177.163
19251.8 9603.58 -223.223
20675 4885.88 -268.244
20986.4 -49.7905 -312.01
20160.6 -4944.22 -354.31
18232.3 -9538.14 -394.938
15294.4 -13585.9 -433.697
11494.3 -16868.5 -470.399
7026.08 -19205.6 -504.867
2120.81 -20465.1 -536.932
-2965.26 -20570.8 -566.437
-7964.13 -19506.8 -593.24
-12610 -17318.7 -617.209
-16653.5 -14112.2 -638.225
-19874.9 -10047.4 -656.186
-22095.7 -5331.41 -671.003
-23189.2 -207.511 -682.602
-23086.6 5057.38 -690.923
-21782.2 10186.5 -695.926
-19333.5 14907.9 -697.582
-15858.8 18968.7 -695.882
-11532 22148.8 -690.831
-6573.2 24272.6 -682.45
-1238.11 25218.9 -670.777
4195.65 24927.3 -655.865
9442.74 23402.8 -637.785
14225.2 20715.2 -616.619
18287.2 16996.4 -592.469
21408.7 12434 -565.447
23417.6 7261.77 -535.681
24198.7 1747.77 -503.313
23701.1 -3819.6 -468.496
21940.7 -9146.56 -431.396
19000.5 -13949.5 -392.19
15026.4 -17970.1 -351.064
10220.2 -20988.9 -308.215
4829.52 -22837.8 -263.848
-865.044 -23408.7 -218.175
-6564.36 -22660.3 -171.416
-11966.4 -20620.6 -123.794
-16782.3 -17386.1 -75.5376
-20751.5 -13117.3 -26.879
-23656 -8030.65 21.9479
-25332.1 -2387.84 70.7084
-25679.6 3517.84 119.168
-24667.7 9376.59 167.092
-22336.9 14878.4 214.25
-18798 19729.4 260.415
-14226.4 23667.4 305.364
-8853.91 26476.4 348.878
-2956.31 27998 390.748
3160.25 28140.4 430.77
9175.44 26883.9 468.751
14771.4 24282.5 504.506
19649.9 20461.8 537.861
23547.5 15612.8 568.653
26250.9 9982.53 596.733
27607.5 3861.56 621.963
27534.9 -2431.23 644.218
26025.2 -8565.05 663.391
23146.6 -14214.6 679.385
19040.1 -19077.4 692.122
13912.8 -22889.8 701.537
8027.5 -25441.5 707.583
1689.5 -26586.8 710.228
-4769.45 -26253.2 709.455
-11008.3 -24445.6 705.267
-16694.5 -21246.9 697.68
-21522 -16814.2 686.729
-25227.4 -11371.3 672.463
-27604.2 -5196.99 654.949
-28514.3 1388.42 634.268
-27896 8040.32 610.517
-25767.7 14407.5 583.807
-22227.8 20150.8 554.267
-17450.1 24960.9 522.034
-11675.4 28575.3 487.262
-5199.31 30792 450.118
1643.1 31481.5 410.776
8494.29 30593.5 369.425
14993.2 28160.9 326.263
20794.2 24298.2 281.496
25585.5 19196.7 235.338
29106 13114.6 188.01
31159.3 6364.3 139.739
31625.1 -703.787 90.7565
30465.4 -7719.45 41.2979
27728.4 -14312 -8.39917
23545.5 -20129.8 -58.0956
18125.9 -24859.3 -107.552
11745.9 -28241.4 -156.531
4735.04 -30086.1 -204.795
-2541.01 -30283.1 -252.112
-9699.39 -28808 -298.254
-16360.1 -25724.6 -342.997
-22166 -21182.3 -386.124
-26802.3 -15408.8 -427.427
-30012.9 -8698.85 -466.706
-31615 -1399.41 -503.77
-31509.1 6108.51 -538.438
-29685.2 13429.5 -570.543
-26223.9 20174.6 -599.926
-21293 25981.8 -626.445
-15139.5 30535.6 -649.97
-8077.03 33583.7 -670.385
-470.174 34951.4 -687.589
7284.65 34551.3 -701.496
14779.7 32388.2 -712.038
21617.4 28560.6 -719.161
27431.4 23255.5 -722.828
31906.3 16739.6 -723.018
34794.6 9346 -719.728
35930.4 1457.07 -712.97
35239.2 -6515.37 -702.775
32742 -14151.5 -689.189
28555.7 -21045.5 -672.274
22887.3 -26827.4 -652.109
16024.1 -31182.5 -628.789
8318.7 -33869.1 -602.424
171.589 -34731.2 -573.137
-7990.07 -33707.9 -541.068
-15734.6 -30837.7 -506.369
-22648.5 -26256.7 -469.204
-28358.7 -20192.6 -429.75
-32552.4 -12953.6 -388.197
-34994.2 -4912.56 -344.741
-35539.1 3511.86 -299.591
-34141.3 11877.2 -252.962
-30857 19740.3 -205.079
-25842.8 26680.6 -156.169
-19347.8 32322.4 -106.469
-11701.9 36355.8 -56.2167
-3298.43 38552.6 -5.6532
5425.83 38780.1 44.978
14013.2 37008.3 95.4334
22009.2 33312.4 145.47
28986.8 27870.2 194.846
34568.8 20953.2 243.324
38448.6 12913.1 290.669
40406.8 4164.17 336.653
40323.5 -4838.4 381.054
38185.8 -13621.9 423.655
34089.1 -21721.3 464.252
28233 -28703.3 502.646
20912.2 -34190.1 538.651
12500.9 -37879.7 572.092
3434.49 -39562 602.806
-5813.4 -39131.6 630.643
-14755.3 -36593.6 655.467
-22915.8 -32064.4 677.155
-29856.5 -25766.7 695.6
-35199.7 -18018.8 710.712
-38648.6 -9218.02 722.415
-40004.3 178.885 730.649
-39176.4 9679.82 735.373
-36189.2 18782.8 736.561
-31181.5 27002.7 734.204
-24399.7 33896.4 728.311
-16186.5 39087.4 718.907
-6962.93 42285.6 706.035
2792.78 43303.7 689.753
12570.1 42068 670.139
21852.9 38623.2 647.283
30146.6 33131.1 621.292
37004.7 25863.2 592.29
42052.4 17186.9 560.413
45007.5 7547.5 525.813
45695.7 -2554.98 488.654
44061.2 -12591.7 449.114
40170 -22032.8 407.379
34208.3 -30375.1 363.65
26473.1 -37169.1 318.135
17357.8 -42043.1 271.052
7332.05 -44723.9 222.627
-3082.22 -45051.5 173.091
-13338 -42988.8 122.683
-22892 -38625 71.6431
-31233.1 -32171.3 20.2176
-37910 -23951.4 -31.3465
-42555.1 -14385 -82.801
-44905.2 -3966.73 -133.898
-44816 6759.52 -184.392
-42270.7 17228.8 -234.038
-37382.5 26884.8 -282.598
-30388.9 35209.4 -329.836
-21641 41750 -375.524
-11585.6 46144.8 -419.441
-742.667 48141.7 -461.375
10322 47613.4 -501.12
21025.6 44564.8 -538.486
30799.5 39134 -573.289
39119.1 31586.2 -605.361
45532.3 22300.8 -634.544
49683.3 11752.3 -660.695
51333 486.013 -683.688
50372.5 -10910 -703.407
46829.5 -21835.6 -719.757
40868.6 -31710.4 -732.654
32783.5 -40004.4 -742.035
22982.7 -46266.4 -747.852
11968.9 -50148.8 -750.073
313.416 -51426.4 -748.686
-11373.8 -50010.1 -743.693
-22475.5 -45951.8 -735.116
-32400.3 -39443.9 -722.993
-40613.6 -30809.6 -707.381
-46666.6 -20487.6 -688.35
-50220.9 -9009.23 -665.991
-51067 3028.19 -640.408
-49136.5 14992.7 -611.721
-44507.6 26250.5 -580.067
-37401.3 36199.8 -545.595
-28171.7 44302.7 -508.469
