   0.0814
  -0.0777
  -0.2783

   0.0626
  -0.0971
  -0.2784

   0.0390
  -0.1120
  -0.2785

   0.0119
  -0.1212
  -0.2785

  -0.0174
  -0.1239
  -0.2786

  -0.0474
  -0.1195
  -0.2786

  -0.0764
  -0.1079
  -0.2786

  -0.1025
  -0.0894
  -0.2786

  -0.1242
  -0.0645
  -0.2786

  -0.1399
  -0.0344
  -0.2786

  -0.1484
  -0.0006
  -0.2786

  -0.1487
   0.0353
  -0.2785

  -0.1404
   0.0713
  -0.2784

  -0.1234
   0.1053
  -0.2784

  -0.0982
   0.1351
  -0.2783

  -0.0659
   0.1590
  -0.2782

  -0.0278
   0.1750
  -0.2781

   0.0142
   0.1819
  -0.2779

   0.0578
   0.1787
  -0.2778

   0.1006
   0.1649
  -0.2776

   0.1401
   0.1409
  -0.2775

   0.1739
   0.1074
  -0.2773

   0.1995
   0.0657
  -0.2771

   0.2152
   0.0179
  -0.2769

   0.2193
  -0.0337
  -0.2766

   0.2110
  -0.0863
  -0.2764

   0.1901
  -0.1369
  -0.2761

   0.1570
  -0.1825
  -0.2759

   0.1129
  -0.2201
  -0.2756

   0.0597
  -0.2471
  -0.2753

   7.7454e-05
  -2.6130e-01
  -2.7501e-01

  -0.0630
  -0.2611
  -0.2747

  -0.1260
  -0.2458
  -0.2744

  -0.1853
  -0.2153
  -0.2740

  -0.2373
  -0.1705
  -0.2737

  -0.2786
  -0.1132
  -0.2733

  -0.3060
  -0.0460
  -0.2729

  -0.3172
   0.0278
  -0.2725

  -0.3107
   0.1044
  -0.2721

  -0.2858
   0.1793
  -0.2717

  -0.2428
   0.2483
  -0.2712

  -0.1832
   0.3069
  -0.2708

  -0.1095
   0.3512
  -0.2703

  -0.0252
   0.3778
  -0.2699

   0.0656
   0.3840
  -0.2694

   0.1578
   0.3684
  -0.2689

   0.2463
   0.3306
  -0.2683

   0.3258
   0.2715
  -0.2678

   0.3909
   0.1933
  -0.2673

   0.4373
   0.0994
  -0.2667

   0.4611
  -0.0057
  -0.2662

   0.4595
  -0.1165
  -0.2656

   0.4313
  -0.2269
  -0.2650

   0.3766
  -0.3305
  -0.2644

   0.2969
  -0.4210
  -0.2638

   0.1954
  -0.4922
  -0.2631

   0.0767
  -0.5391
  -0.2625

  -0.0532
  -0.5574
  -0.2618

  -0.1875
  -0.5444
  -0.2612

  -0.3187
  -0.4991
  -0.2605

  -0.4390
  -0.4223
  -0.2598

  -0.5408
  -0.3164
  -0.2591

  -0.6172
  -0.1861
  -0.2584

  -0.6622
  -0.0373
  -0.2577

  -0.6713
   0.1222
  -0.2569

  -0.6421
   0.2840
  -0.2562

  -0.5739
   0.4387
  -0.2554

  -0.4685
   0.5770
  -0.2546

  -0.3298
   0.6900
  -0.2538

  -0.1640
   0.7696
  -0.2530

   0.0211
   0.8092
  -0.2522

   0.2157
   0.8044
  -0.2514

   0.4091
   0.7527
  -0.2505

   0.5901
   0.6544
  -0.2497

   0.7475
   0.5126
  -0.2488

   0.8707
   0.3329
  -0.2479

   0.9506
   0.1235
  -0.2471

   0.9802
  -0.1051
  -0.2462

   0.9548
  -0.3408
  -0.2452

   0.8726
  -0.5705
  -0.2443

   0.7351
  -0.7803
  -0.2434

   0.5472
  -0.9571
  -0.2424

   0.3167
  -1.0886
  -0.2415

   0.0545
  -1.1647
  -0.2405

  -0.2260
  -1.1776
  -0.2395

  -0.5096
  -1.1231
  -0.2385

  -0.7801
  -1.0003
  -0.2375

  -1.0210
  -0.8124
  -0.2365

  -1.2167
  -0.5665
  -0.2355

  -1.3533
  -0.2735
  -0.2344

  -1.4193
   0.0524
  -0.2334

  -1.4069
   0.3942
  -0.2323

  -1.3122
   0.7330
  -0.2313

  -1.1360
   1.0490
  -0.2302

  -0.8837
   1.3226
  -0.2291

  -0.5656
   1.5356
  -0.2280

  -0.1962
   1.6719
  -0.2268

   0.2060
   1.7193
  -0.2257

   0.6197
   1.6700
  -0.2246

   1.0215
   1.5210
  -0.2234

