  -0.6790
   0.7821
   0.1733

  -0.6727
   0.7724
   0.1455

  -0.6688
   0.7612
   0.1176

  -0.6676
   0.7490
   0.0897

  -0.6694
   0.7367
   0.0619

  -0.6741
   0.7247
   0.0340

  -0.6818
   0.7139
   0.0062

  -0.6920
   0.7050
  -0.0217

  -0.7044
   0.6985
  -0.0496

  -0.7184
   0.6951
  -0.0774

  -0.7333
   0.6950
  -0.1053

  -0.7481
   0.6986
  -0.1331

  -0.7622
   0.7057
  -0.1610

  -0.7745
   0.7162
  -0.1888

  -0.7843
   0.7297
  -0.2166

  -0.7909
   0.7456
  -0.2445

  -0.7937
   0.7631
  -0.2723

  -0.7923
   0.7813
  -0.3001

  -0.7865
   0.7992
  -0.3278

  -0.7764
   0.8157
  -0.3556

  -0.7624
   0.8298
  -0.3833

  -0.7450
   0.8405
  -0.4111

  -0.7251
   0.8471
  -0.4388

  -0.7036
   0.8489
  -0.4665

  -0.6816
   0.8455
  -0.4941

  -0.6605
   0.8369
  -0.5218

  -0.6415
   0.8232
  -0.5494

  -0.6258
   0.8049
  -0.5770

  -0.6145
   0.7829
  -0.6045

  -0.6086
   0.7582
  -0.6321

  -0.6086
   0.7321
  -0.6596

  -0.6149
   0.7059
  -0.6870

  -0.6275
   0.6814
  -0.7145

  -0.6460
   0.6598
  -0.7419

  -0.6697
   0.6428
  -0.7692

  -0.6976
   0.6315
  -0.7966

  -0.7282
   0.6269
  -0.8239

  -0.7599
   0.6296
  -0.8511

  -0.7910
   0.6401
  -0.8783

  -0.8196
   0.6580
  -0.9055

  -0.8438
   0.6828
  -0.9326

  -0.8622
   0.7135
  -0.9597

  -0.8731
   0.7487
  -0.9867

  -0.8756
   0.7864
  -1.0137

  -0.8691
   0.8248
  -1.0406

  -0.8533
   0.8617
  -1.0675

  -0.8286
   0.8947
  -1.0944

  -0.7961
   0.9219
  -1.1211

  -0.7570
   0.9412
  -1.1479

  -0.7132
   0.9512
  -1.1745

  -0.6671
   0.9506
  -1.2012

  -0.6212
   0.9390
  -1.2277

  -0.5781
   0.9163
  -1.2542

  -0.5404
   0.8832
  -1.2807

  -0.5107
   0.8411
  -1.3070

  -0.4912
   0.7919
  -1.3333

  -0.4835
   0.7380
  -1.3596

  -0.4888
   0.6822
  -1.3858

  -0.5076
   0.6278
  -1.4119

  -0.5394
   0.5779
  -1.4380

  -0.5833
   0.5357
  -1.4639

  -0.6374
   0.5040
  -1.4898

  -0.6991
   0.4854
  -1.5157

  -0.7654
   0.4817
  -1.5414

  -0.8325
   0.4939
  -1.5671

  -0.8967
   0.5223
  -1.5928

  -0.9541
   0.5662
  -1.6183

  -1.0009
   0.6239
  -1.6438

  -1.0339
   0.6929
  -1.6691

  -1.0503
   0.7698
  -1.6944

  -1.0482
   0.8507
  -1.7197

  -1.0267
   0.9312
  -1.7448

  -0.9857
   1.0065
  -1.7698

  -0.9267
   1.0719
  -1.7948

  -0.8520
   1.1232
  -1.8197

  -0.7649
   1.1564
  -1.8445

  -0.6699
   1.1688
  -1.8692

  -0.5718
   1.1583
  -1.8938

  -0.4764
   1.1242
  -1.9183

  -0.3891
   1.0672
  -1.9428

  -0.3156
   0.9891
  -1.9671

  -0.2609
   0.8934
  -1.9913

  -0.2292
   0.7846
  -2.0155

  -0.2238
   0.6681
  -2.0395

  -0.2463
   0.5503
  -2.0635

  -0.2973
   0.4380
  -2.0874

  -0.3753
   0.3380
  -2.1111

  -0.4774
   0.2568
  -2.1348

  -0.5991
   0.2001
  -2.1583

  -0.7344
   0.1728
  -2.1817

  -0.8763
   0.1780
  -2.2051

  -1.0170
   0.2174
  -2.2283

  -1.1483
   0.2907
  -2.2514

  -1.2618
   0.3956
  -2.2745

  -1.3502
   0.5279
  -2.2974

  -1.4068
   0.6814
  -2.3202

  -1.4264
   0.8486
  -2.3428

  -1.4058
   1.0206
  -2.3654

  -1.3438
   1.1876
  -2.3879

  -1.2417
   1.3397
  -2.4102

