-9612.72 -18589.2 -3607.93
-15985.5 -18438.8 -2948.83
-21133.4 -13045.1 -2287.79
-20931 -4329.87 -1625.2
-13557.6 2705.06 -961.449
-1645.93 2418.47 -296.933
7960.57 -7675.25 367.958
7548.15 -23969.6 1032.83
-6276.62 -37101.7 1697.3
-28573.4 -36523.7 2360.96
-46532.1 -17602.8 3023.43
-45729.6 12893.5 3684.32
-19841.2 37438.7 4343.23
21862.7 36310.9 4999.78
55402.9 875.254 5653.57
53811.8 -56169.3 6304.23
5300.89 -102015 6951.37
-72734.2 -99786.1 7594.59
-135407 -33389.5 8233.54
-132294 73346.1 8867.81
-41424.5 159008 9497.05
104560 154648 10120.9
221636 30271.5 10738.9
215526 -169409 11350.8
45279.9 -329433 11956.2
-227853 -320889 12554.7
-446589 -87871.4 13146
-434654 285719 13729.7
-115727 584694 14305.5
395263 568015 14873
803900 131493 15431.9
780596 -567443 15981.9
183112 -1.12598e+06 16522.6
-772904 -1.09345e+06 17053.7
-1.53634e+06 -275663 17575
-1.49095e+06 1.03198e+06 18086
-371642 2.07546e+06 18586.5
1.41694e+06 2.01213e+06 19076.2
2.84318e+06 480126 19554.8
2.75487e+06 -1.9663e+06 20022
657989 -3.91572e+06 20477.5
-2.68824e+06 -3.79263e+06 20921.1
-5.35277e+06 -922600 21352.4
-5.18124e+06 3.65437e+06 21771.3
-1.25302e+06 7.2963e+06 22177.5
5.00735e+06 7.05737e+06 22570.8
9.98519e+06 1.68078e+06 22950.8
9.65247e+06 -6.88215e+06 23317.4
2.29348e+06 -1.36859e+07 23670.4
-9.41888e+06 -1.32228e+07 24009.5
-1.87184e+07 -3.15049e+06 24334.5
-1.80739e+07 1.28697e+07 24645.3
-4.28788e+06 2.55804e+07 24941.6
1.76244e+07 2.46836e+07 25223.3
3.49976e+07 5.81473e+06 25490.3
3.37503e+07 -2.41568e+07 25742.2
7.9244e+06 -4.79027e+07 25979.1
-3.30705e+07 -4.61684e+07 26200.7
-6.55266e+07 -1.08204e+07 26406.9
-6.31158e+07 4.52522e+07 26597.6
-1.47351e+07 8.96135e+07 26772.7
6.19608e+07 8.6263e+07 26932
1.22594e+08 2.00444e+07 27075.5
1.17939e+08 -8.48597e+07 27203
2.73056e+07 -1.67734e+08 27314.6
-1.16181e+08 -1.61267e+08 27410
-2.29454e+08 -3.72178e+07 27489.4
-2.20474e+08 1.59043e+08 27552.5
-5.0688e+07 3.13864e+08 27599.4
2.17755e+08 3.01395e+08 27630
4.29365e+08 6.90107e+07 27644.3
4.12058e+08 -2.98164e+08 27642.4
9.39943e+07 -5.87391e+08 27624.1
-4.08223e+08 -5.63372e+08 27589.5
-8.03539e+08 -1.28042e+08 27538.7
-7.70211e+08 5.58886e+08 27471.6
-1.74379e+08 1.0992e+09 27388.2
7.65193e+08 1.05297e+09 27288.7
1.5037e+09 2.3746e+08 27173
1.43957e+09 -1.04768e+09 27041.3
3.23392e+08 -2.05706e+09 26893.6
-1.4344e+09 -1.96813e+09 26730
-2.81402e+09 -4.40435e+08 26550.5
-2.69072e+09 1.96385e+09 26355.4
-5.99788e+08 3.8495e+09 26144.6
2.68876e+09 3.67859e+09 25918.4
5.26604e+09 8.16757e+08 25676.8
5.02917e+09 -3.68127e+09 25419.9
1.11223e+09 -7.20387e+09 25148
-5.04011e+09 -6.87563e+09 24861.2
-9.85475e+09 -1.51459e+09 24559.7
-9.39998e+09 6.90048e+09 24243.5
-2.06241e+09 1.34811e+10 23913
9.44758e+09 1.28511e+10 23568.2
1.84418e+10 2.80831e+09 23209.5
1.75693e+10 -1.29349e+10 22836.9
3.82393e+09 -2.5228e+10 22450.8
-1.77093e+10 -2.40197e+10 22051.3
-3.45114e+10 -5.20677e+09 21638.6
-3.28383e+10 2.4246e+10 21213.1
-7.08947e+09 4.72107e+10 20774.9
3.31954e+10 4.48944e+10 20324.4
6.45831e+10 9.65272e+09 19861.7
6.13769e+10 -4.54482e+10 19387.2
1.31425e+10 -8.83481e+10 18901.1
-6.22235e+10 -8.39106e+10 18403.7
-1.20858e+11 -1.78935e+10 17895.3
-1.14717e+11 8.51904e+10 17376.1
-2.43615e+10 1.65331e+11 16846.6
1.16634e+11 1.56834e+11 16307
2.26168e+11 3.31667e+10 15757.6
2.14413e+11 -1.59684e+11 15198.7
4.51535e+10 -3.09392e+11 14630.7
-2.18624e+11 -2.93131e+11 14053.9
-4.23239e+11 -6.1471e+10 13468.6
-4.00749e+11 2.99318e+11 12875.2
-8.36833e+10 5.78979e+11 12274.1
4.09795e+11 5.47876e+11 11665.5
7.92026e+11 1.13919e+11 11049.8
7.49017e+11 -5.61047e+11 10427.5
1.55077e+11 -1.08347e+12 9798.8
-7.68126e+11 -1.024e+12 9164.14
-1.48215e+12 -2.11098e+11 8523.88
-1.39994e+12 1.05163e+12 7878.39
-2.87351e+11 2.02754e+12 7228.07
1.43978e+12 1.9139e+12 6573.29
2.7736e+12 3.91139e+11 5914.43
2.61654e+12 -1.97118e+12 5251.89
5.324e+11 -3.7942e+12 4586.04
-2.69872e+12 -3.57714e+12 3917.3
-5.19034e+12 -7.2466e+11 3246.04
-4.89039e+12 3.69477e+12 2572.66
-9.86324e+11 7.10021e+12 1897.56
5.05844e+12 6.68577e+12 1221.14
9.71284e+12 1.34244e+12 543.797
9.14025e+12 -6.92541e+12 -134.072
1.82708e+12 -1.32868e+13 -812.066
-9.48143e+12 -1.24958e+13 -1489.78
-1.81759e+13 -2.48663e+12 -2166.83
-1.70833e+13 1.29808e+13 -2842.8
-3.38417e+12 2.4864e+13 -3517.29
1.77717e+13 2.33549e+13 -4189.92
3.4013e+13 4.60556e+12 -4860.27
3.19289e+13 -2.43307e+13 -5527.96
6.26759e+12 -4.65285e+13 -6192.59
-3.33105e+13 -4.36505e+13 -6853.77
-6.36492e+13 -8.52919e+12 -7511.1
-5.96753e+13 4.56044e+13 -8164.2
-1.16066e+13 8.70695e+13 -8812.68
6.24355e+13 8.15829e+13 -9456.15
1.19108e+14 1.57938e+13 -10094.2
1.11533e+14 -8.54783e+13 -10726.6
2.14911e+13 -1.62934e+14 -11352.8
-1.17025e+14 -1.52478e+14 -11972.4
-2.22888e+14 -2.92427e+13 -12585.3
-2.08455e+14 1.60215e+14 -13190.8
-3.97892e+13 3.04901e+14 -13788.8
2.19344e+14 2.84981e+14 -14378.8
4.17092e+14 5.41378e+13 -14960.5
3.896e+14 -3.00294e+14 -15533.6
7.36586e+13 -5.70563e+14 -16097.6
-4.1112e+14 -5.32625e+14 -16652.4
-7.80506e+14 -1.00215e+14 -17197.5
-7.28156e+14 5.62846e+14 -17732.6
-1.36342e+14 1.0677e+15 -18257.4
7.70567e+14 9.95467e+14 -18771.5
1.46056e+15 1.85488e+14 -19274.8
1.36091e+15 -1.05495e+15 -19766.9
2.5234e+14 -1.99798e+15 -20247.4
-1.44427e+15 -1.8605e+15 -20716.2
-2.73315e+15 -3.43277e+14 -21172.8
-2.5435e+15 1.97728e+15 -21617.1
-4.66972e+14 3.73881e+15 -22048.8
2.70699e+15 3.47722e+15 -22467.6
5.11452e+15 6.35217e+14 -22873.3
4.75372e+15 -3.70599e+15 -23265.6
8.64053e+14 -6.99641e+15 -23644.3
-5.07366e+15 -6.4988e+15 -24009.2
-9.57075e+15 -1.17529e+15 -24360
-8.88451e+15 6.94605e+15 -24696.6
-1.59858e+15 1.30923e+16 -25018.7
9.50942e+15 1.2146e+16 -25326.1
1.79096e+16 2.17426e+15 -25618.7
1.66047e+16 -1.30188e+16 -25896.2
2.95716e+15 -2.44994e+16 -26158.6
-1.78231e+16 -2.27003e+16 -26405.6
-3.3514e+16 -4.02182e+15 -26637.1
-3.10334e+16 2.44005e+16 -26852.9
-5.46961e+15 4.58454e+16 -27053
3.34051e+16 4.24256e+16 -27237.2
6.2714e+16 7.43832e+15 -27405.4
5.79998e+16 -4.57326e+16 -27557.4
1.01153e+16 -8.57894e+16 -27693.3
-6.26093e+16 -7.9291e+16 -27812.8
-1.17355e+17 -1.37552e+16 -27916
-1.08398e+17 8.57138e+16 -28002.8
-1.87043e+16 1.60536e+17 -28073
1.17344e+17 1.4819e+17 -28126.7
2.19604e+17 2.54331e+16 -28163.9
2.02588e+17 -1.60647e+17 -28184.4
3.45814e+16 -3.00405e+17 -28188.3
-2.1993e+17 -2.76956e+17 -28175.6
-4.10938e+17 -4.70186e+16 -28146.2
-3.78623e+17 3.01089e+17 -28100.3
-6.39265e+16 5.62139e+17 -28037.7
4.12196e+17 5.1761e+17 -27958.6
7.68973e+17 8.69112e+16 -27863
7.07616e+17 -5.64304e+17 -27750.9
1.18156e+17 -1.05191e+18 -27622.4
-7.72542e+17 -9.6737e+17 -27477.6
-1.43895e+18 -1.60626e+17 -27316.5
-1.32247e+18 1.05762e+18 -27139.3
-2.18354e+17 1.9684e+18 -26946
1.4479e+18 1.80793e+18 -26736.7
2.69265e+18 2.96818e+17 -26511.6
2.47158e+18 -1.98219e+18 -26270.8
4.03461e+17 -3.68338e+18 -26014.4
-2.71363e+18 -3.37885e+18 -25742.7
-5.03863e+18 -5.48397e+17 -25455.6
-4.61915e+18 3.71498e+18 -25153.4
-7.45369e+17 6.89253e+18 -24836.3
5.08583e+18 6.31474e+18 -24504.5
9.42854e+18 1.01305e+18 -24158.1
8.63272e+18 -6.96253e+18 -23797.3
1.3768e+18 -1.28976e+19 -23422.4
-9.53172e+18 -1.18016e+19 -23033.6
-1.76431e+19 -1.87108e+18 -22631.1
-1.61336e+19 1.30489e+19 -22215.1
-2.5427e+18 2.41346e+19 -21785.8
1.7864e+19 2.20558e+19 -21343.6
3.30146e+19 3.45526e+18 -20888.7
3.01519e+19 -2.44558e+19 -20421.3
4.69512e+18 -4.51618e+19 -19941.7
-3.34798e+19 -4.12198e+19 -19450.2
-6.17782e+19 -6.37959e+18 -18947.1
-5.63503e+19 4.58337e+19 -18432.6
-8.66802e+18 8.45084e+19 -17907.1
6.2746e+19 7.70347e+19 -17370.9
1.15602e+20 1.17768e+19 -16824.3
1.05312e+20 -8.58988e+19 -16267.6
1.59998e+19 -1.58135e+20 -15701.2
-1.17595e+20 -1.43968e+20 -15125.3
-2.16318e+20 -2.17361e+19 -14540.3
-1.96813e+20 1.60986e+20 -13946.6
-2.95275e+19 2.95907e+20 -13344.4
2.20387e+20 2.69056e+20 -12734.2
4.0478e+20 4.01099e+19 -12116.3
3.67817e+20 -3.01706e+20 -11491.1
5.44824e+19 -5.5371e+20 -10858.9
-4.13031e+20 -5.02829e+20 -10220.1
-7.57435e+20 -7.40012e+19 -9575.06
-6.87397e+20 5.65432e+20 -8924.21
-1.00508e+20 1.03612e+21 -8267.89
7.74065e+20 9.39713e+20 -7606.49
1.41733e+21 1.36502e+20 -6940.41
1.28464e+21 -1.05968e+21 -6270.04
1.85376e+20 -1.9388e+21 -5595.76
-1.45067e+21 -1.75618e+21 -4917.98
-2.65213e+21 -2.51737e+20 -4237.1
-2.4008e+21 1.98594e+21 -3553.51
-3.41836e+20 3.62792e+21 -2867.62
2.7187e+21 3.28202e+21 -2179.83
4.96271e+21 4.64157e+20 -1490.55
4.4867e+21 -3.72182e+21 -800.182
6.30214e+20 -6.78861e+21 -109.134
-5.09506e+21 -6.13356e+21 582.187
-9.28628e+21 -8.55633e+20 1273.37
-8.38489e+21 6.97498e+21 1964.01
-1.16161e+21 1.27029e+22 2653.71
9.54852e+21 1.14626e+22 3342.04
1.73766e+22 1.57693e+21 4028.61
1.56699e+22 -1.30716e+22 4713.01
2.1406e+21 -2.37698e+22 5394.83
-1.78945e+22 -2.14215e+22 6073.68
-3.25151e+22 -2.9056e+21 6749.15
-2.92842e+22 2.4497e+22 7420.84
-3.94374e+21 4.4478e+22 8088.36
3.35354e+22 4.00329e+22 8751.3
6.08423e+22 5.35247e+21 9409.28
5.47268e+22 -4.59086e+22 10061.9
7.26397e+21 -8.32273e+22 10708.8
-6.28469e+22 -7.4814e+22 11349.6
-1.13848e+23 -9.8575e+21 11983.8
-1.02274e+23 8.60346e+22 12611.2
-1.33762e+22 1.55734e+23 13231.4
1.17777e+23 1.39813e+23 13843.9
2.13032e+23 1.81496e+22 14448.4
1.9113e+23 -1.61232e+23 15044.6
2.4625e+22 -2.91409e+23 15632.1
-2.20719e+23 -2.61282e+23 16210.6
-3.98623e+23 -3.34083e+22 16779.6
-3.57182e+23 3.02153e+23 17339
-4.53215e+22 5.45281e+23 17888.2
4.13631e+23 4.88282e+23 18427.1
7.45897e+23 6.14785e+22 18955.3
6.67499e+23 -5.66239e+23 19472.5
8.33897e+22 -1.02032e+24 19978.3
-7.75151e+23 -9.12495e+23 20472.5
-1.39571e+24 -1.13102e+23 20954.7
-1.24741e+24 1.06114e+24 21424.8
-1.5339e+23 1.90921e+24 21882.3
1.45264e+24 1.70525e+24 22327.1
2.61162e+24 2.08013e+23 22758.9
2.33114e+24 -1.98857e+24 23177.3
2.82067e+23 -3.57247e+24 23582.2
-2.72223e+24 -3.18673e+24 23973.3
-4.88681e+24 -3.82454e+23 24350.4
-4.35636e+24 3.72657e+24 24713.2
-5.1853e+23 6.6847e+24 25061.6
5.10143e+24 5.95527e+24 25395.3
9.14406e+24 7.02965e+23 25714.1
8.14101e+24 -6.98353e+24 26017.8
9.52924e+23 -1.25082e+25 26306.3
-9.55998e+24 -1.1129e+25 26579.4
-1.71101e+25 -1.29166e+24 26836.8
-1.52136e+25 1.3087e+25 27078.5
-1.75065e+24 2.3405e+25 27304.3
1.79151e+25 2.07974e+25 27514
3.20158e+25 2.37255e+24 27707.6
2.84305e+25 -2.45245e+25 27884.9
3.21509e+24 -4.37945e+25 28045.8
-3.35723e+25 -3.88651e+25 28190.2
-5.99067e+25 -4.35645e+24 28318
-5.31293e+25 4.5958e+25 28429.2
-5.90246e+24 8.19465e+25 28523.6
6.29129e+25 7.26288e+25 28601.2
1.12095e+26 7.99637e+24 28662
9.9285e+25 -8.61229e+25 28705.9
1.08321e+25 -1.53335e+26 28732.8
-1.17895e+26 -1.35724e+26 28742.8
-2.09747e+26 -1.4672e+25 28735.9
-1.85537e+26 1.61389e+26 28712
-1.98713e+25 2.86913e+26 28671.2
2.20929e+26 2.53632e+26 28613.4
3.92468e+26 2.69103e+25 28538.8
3.46719e+26 -3.02433e+26 28447.2
3.64391e+25 -5.36856e+26 28338.9
-4.14005e+26 -4.73969e+26 28213.8
-7.34365e+26 -4.93368e+25 28072.1
-6.47921e+26 5.66737e+26 27913.7
-6.67927e+25 1.00454e+27 27738.8
7.75813e+26 8.85715e+26 27547.5
1.3741e+27 9.04149e+25 27339.9
1.21078e+27 -1.06202e+27 27116.2
1.22378e+26 -1.87963e+27 26876.3
-1.45381e+27 -1.65515e+27 26620.5
-2.57114e+27 -1.65622e+26 26349
-2.2626e+27 1.99012e+27 26061.8
-2.24121e+26 3.51705e+27 25759.1
2.72429e+27 3.09298e+27 25441.2
4.81095e+27 3.03246e+26 25108.1
4.22812e+27 -3.7293e+27 24760.2
4.10258e+26 -6.58087e+27 24397.5
-5.10504e+27 -5.77986e+27 24020.4
-9.00193e+27 -5.54964e+26 23628.9
-7.90108e+27 6.9883e+27 23223.4
-7.50618e+26 1.23137e+28 22804.1
9.56629e+27 1.08008e+28 22371.2
1.68438e+28 1.01512e+27 21925
1.47647e+28 -1.30953e+28 21465.7
1.37264e+27 -2.30405e+28 20993.6
-1.79261e+28 -2.01833e+28 20508.9
-3.15168e+28 -1.85584e+27 20012.1
-2.75905e+28 2.45389e+28 19503.2
-2.50879e+27 4.31115e+28 18982.7
3.35912e+28 3.77161e+28 18450.9
5.89718e+28 3.39099e+27 17908
5.15578e+28 -4.59827e+28 17354.4
4.58275e+27 -8.06669e+28 16790.4
-6.29453e+28 -7.04792e+28 16216.3
-1.10343e+29 -6.19244e+27 15632.5
-9.63446e+28 8.61652e+28 15039.2
-8.36626e+27 1.50937e+29 14437
1.17951e+29 1.31702e+29 13826
2.06465e+29 1.13014e+28 13206.7
1.80036e+29 -1.61461e+29 12579.4
1.5264e+28 -2.82421e+29 11944.5
-2.21021e+29 -2.46107e+29 11302.3
-3.86319e+29 -2.06125e+28 10653.3
-3.36425e+29 3.02553e+29 9997.85
-2.78305e+28 5.2844e+29 9336.27
4.14159e+29 4.59889e+29 8668.99
7.22845e+29 3.75696e+28 7996.39
6.28662e+29 -5.66934e+29 7318.88
5.0708e+28 -9.88767e+29 6636.84
-7.76064e+29 -8.59371e+29 5950.68
-1.35252e+30 -6.84285e+28 5260.8
-1.17475e+30 1.06234e+30 4567.61
-9.23245e+28 1.85008e+30 3871.52
1.45421e+30 1.60586e+30 3172.94
2.5307e+30 1.24542e+29 2472.27
2.19518e+30 -1.99063e+30 1769.94
1.67968e+29 -3.46169e+30 1066.35
-2.72492e+30 -3.00077e+30 361.917
-4.73518e+30 -2.2649e+29 -342.94
-4.10198e+30 3.73007e+30 -1047.81
-3.0534e+29 6.47716e+30 -1752.27
5.10598e+30 5.60732e+30 -2455.91
8.85997e+30 4.11552e+29 -3158.31
7.66507e+30 -6.98942e+30 -3859.06
5.54587e+29 -1.21194e+31 -4557.74
-9.56759e+30 -1.0478e+31 -5253.95
-1.65778e+31 -7.47164e+29 -5947.27
-1.43231e+31 1.30968e+31 -6637.28
-1.00638e+30 2.26764e+31 -7323.59
1.79277e+31 1.95793e+31 -8005.79
3.10185e+31 1.35519e+30 -8683.47
2.67644e+31 -2.45406e+31 -9356.23
1.82445e+30 -4.24294e+31 -10023.7
-3.35926e+31 -3.65861e+31 -10685.4
-5.80382e+31 -2.45557e+30 -11341
-5.00121e+31 4.59837e+31 -11990.2
-3.30413e+30 7.93889e+31 -12632.4
6.29452e+31 6.83649e+31 -13267.4
1.08594e+32 4.44471e+30 -13894.8
9.34526e+31 -8.6163e+31 -14514.1
5.97731e+30 -1.48543e+32 -15125.1
-1.17945e+32 -1.27747e+32 -15727.3
-2.03188e+32 -8.03601e+30 -16320.5
-1.74625e+32 1.61449e+32 -16904.2
-1.08005e+31 2.77935e+32 -17478.1
2.21e+32 2.38706e+32 -18041.8
3.80179e+32 1.45114e+31 -18595.1
3.26302e+32 -3.02517e+32 -19137.6
1.9491e+31 -5.20036e+32 -19669
-4.14101e+32 -4.46042e+32 -20188.9
-7.11341e+32 -2.61705e+31 -20697
-6.09722e+32 5.66841e+32 -21193.1
-3.51267e+31 9.73021e+32 -21676.9
7.7592e+32 8.33464e+32 -22148
1.33097e+33 4.71307e+31 -22606.2
1.13931e+33 -1.06211e+33 -23051.2
6.32129e+31 -1.82058e+33 -23482.7
-1.45387e+33 -1.55739e+33 -23900.5
-2.49032e+33 -8.47495e+31 -24304.3
-2.12888e+33 1.99012e+33 -24693.9
-1.13577e+32 3.40642e+33 -25069.1
2.72416e+33 2.91008e+33 -25429.6
4.65953e+33 1.52145e+32 -25775.2
3.97794e+33 -3.72895e+33 -26105.6
2.03719e+32 -6.37361e+33 -26420.8
-5.10433e+33 -5.43765e+33 -26720.5
-8.71824e+33 -2.72648e+32 -27004.6
-7.43299e+33 6.987e+33 -27272.7
-3.64723e+32 1.19254e+34 -27524.9
9.56407e+33 1.01605e+34 -27760.9
1.63123e+34 4.87645e+32 -27980.6
1.38889e+34 -1.30916e+34 -28183.9
6.51648e+32 -2.23129e+34 -28370.6
-1.79203e+34 -1.89854e+34 -28540.6
-3.0521e+34 -8.70324e+32 -28693.9
-2.5952e+34 2.45299e+34 -28830.2
-1.1617e+33 4.17485e+34 -28949.6
3.35772e+34 3.54749e+34 -29051.9
5.71062e+34 1.54968e+33 -29137.2
4.84922e+34 -4.59615e+34 -29205.3
2.0659e+33 -7.81133e+34 -29256.1
-6.29135e+34 -6.62859e+34 -29289.8
-1.06848e+35 -2.75221e+33 -29306.1
-9.06089e+34 8.61177e+34 -29305.2
-3.6639e+33 1.46153e+35 -29287
1.1788e+35 1.23857e+35 -29251.5
1.99916e+35 4.8739e+33 -29198.7
1.69305e+35 -1.61357e+35 -29128.7
6.47833e+33 -2.73457e+35 -29041.5
-2.20869e+35 -2.31429e+35 -28937.1
-3.7405e+35 -8.60363e+33 -28815.7
-3.16348e+35 3.02331e+35 -28677.2
-1.14159e+34 5.11647e+35 -28521.7
4.13837e+35 4.32427e+35 -28349.4
6.99859e+35 1.5133e+34 -28160.3
5.91099e+35 -5.66468e+35 -27954.5
2.004e+34 -9.57306e+35 -27732.1
-7.75391e+35 -8.07992e+35 -27493.4
-1.30946e+36 -2.65095e+34 -27238.3
-1.10447e+36 1.06137e+36 -26967.1
-3.50268e+34 1.79114e+36 -26680
1.45282e+36 1.50973e+36 -26376.9
2.45002e+36 4.62233e+34 -26058.3
2.06369e+36 -1.98863e+36 -25724.2
6.09174e+34 -3.35127e+36 -25374.7
-2.72207e+36 -2.82091e+36 -25010.3
-4.58404e+36 -8.01673e+34 -24630.9
-3.85598e+36 3.726e+36 -24236.9
-1.05337e+35 6.27028e+36 -23828.5
5.10018e+36 5.27083e+36 -23406
8.5768e+36 1.38175e+35 -22969.4
7.20482e+36 -6.98117e+36 -22519.2
1.8092e+35 -1.17318e+37 -22055.6
-9.55587e+36 -9.84843e+36 -21578.8
-1.60473e+37 -2.36414e+35 -21089.2
-1.3462e+37 1.30801e+37 -20587
-3.08256e+35 2.19503e+37 -20072.4
1.79041e+37 1.84015e+37 -19545.9
3.00246e+37 4.00961e+35 -19007.7
2.51533e+37 -2.45072e+37 -18458.1
5.2016e+35 -4.10691e+37 -17897.5
-3.35455e+37 -3.43825e+37 -17326.1
-5.61762e+37 -6.72797e+35 -16744.4
-4.69979e+37 4.59171e+37 -16152.5
-8.67345e+35 7.68404e+37 -15551
6.28513e+37 6.42421e+37 -14940.1
1.05106e+38 1.11399e+36 -14320.3
8.78134e+37 -8.60308e+37 -13691.8
1.42472e+36 -1.43768e+38 -13055
-1.17759e+38 -1.20033e+38 -12410.3
-1.96653e+38 -1.81332e+36 -11758.1
-1.64075e+38 1.61187e+38 -11098.8
-2.29503e+36 2.6899e+38 -10432.8
2.20632e+38 2.24275e+38 -9760.36
3.67936e+38 2.88578e+36 -9081.98
3.06563e+38 -3.02e+38 -8398.05
3.6006e+36 -5.03278e+38 -7708.95
-4.13374e+38 -4.19043e+38 -7015.1
-6.88405e+38 -4.45084e+36 -6316.9
-5.72792e+38 5.65823e+38 -5614.77
-5.43939e+36 9.41628e+38 -4909.11
7.74492e+38 7.82952e+38 -4200.34
1.288e+39 6.55298e+36 -3488.88
1.07022e+39 -1.06011e+39 -2775.15
7.74984e+36 -1.76177e+39 -2059.57
-1.45107e+39 -1.46288e+39 -1342.56
-2.40982e+39 -8.94055e+36 -624.539
-1.99962e+39 1.9862e+39 94.0654
-9.95866e+36 3.29625e+39 812.831
2.71868e+39 2.73327e+39 1531.33
4.50873e+39 1.05161e+37 2249.15
3.7361e+39 -3.72128e+39 2965.85
1.01361e+37 -6.1672e+39 3681.02
-5.09361e+39 -5.10686e+39 4394.24
-8.43572e+39 -8.05376e+36 5105.08
-6.98054e+39 6.97203e+39 5813.11
-3.06805e+36 1.15387e+40 6517.94
9.54316e+39 9.54166e+39 7219.13
1.5783e+40 -6.67519e+36 7916.27
1.30424e+40 -1.30625e+40 8608.95
-2.40013e+37 -2.15885e+40 9296.77
-1.78796e+40 -1.78276e+40 9979.3
-2.95295e+40 5.31706e+37 10656.2
-2.43683e+40 2.44731e+40 11326.9
1.00551e+38 4.03915e+40 11991.2
3.34981e+40 3.33088e+40 12648.6
5.52487e+40 -1.75595e+38 13298.8
4.55293e+40 -4.58512e+40 13941.3
-2.9224e+38 -7.5571e+40 14575.8
-6.27598e+40 -6.22334e+40 15201.8
-1.03368e+41 4.70939e+38 15819.1
-8.50658e+40 8.59036e+40 16427.3
7.41561e+38 1.4139e+41 17025.9
1.17582e+41 1.16275e+41 17614.7
1.93398e+41 -1.14755e+39 18193.2
1.58934e+41 -1.60942e+41 18761.2
-1.75188e+39 -2.64535e+41 19318.3
-2.20292e+41 -2.17244e+41 19864.2
-3.61839e+41 2.64553e+39 20398.5
-2.96946e+41 3.01528e+41 20920.9
3.95957e+39 4.94933e+41 21431.2
4.1272e+41 4.05889e+41 21929
6.76983e+41 -5.88236e+39 22414
5.54801e+41 -5.64916e+41 22885.9
-8.68395e+39 -9.25995e+41 23344.4
-7.73234e+41 -7.58343e+41 23789.3
-1.2666e+42 1.27507e+40 24220.4
-1.03656e+42 1.05837e+42 24637.2
1.86342e+40 1.73249e+42 25039.7
1.44865e+42 1.41685e+42 25427.5
2.36974e+42 -2.71209e+40 25800.4
1.93664e+42 -1.98285e+42 26158.2
-3.93297e+40 -3.24138e+42 26500.7
-2.71404e+42 -2.64714e+42 26827.6
-4.43364e+42 5.68505e+40 27138.9
-3.61829e+42 3.71485e+42 27434.2
8.19395e+40 6.06443e+42 27713.4
5.08471e+42 4.94573e+42 27976.3
8.29506e+42 -1.17794e+41 28222.9
6.76015e+42 -6.9597e+42 28452.8
-1.68938e+41 -1.13462e+43 28666.1
-9.52609e+42 -9.2402e+42 28862.5
-1.55195e+43 2.41769e+41 29041.9
-1.26301e+43 1.30388e+43 29204.2
3.45323e+41 2.12279e+43 29349.4
1.78468e+43 1.72636e+43 29477.3
2.90359e+43 -4.92345e+41 29587.8
2.35969e+43 -2.44278e+43 29681
-7.00805e+41 -3.97159e+43 29756.6
-3.34354e+43 -3.22537e+43 29814.7
-5.43241e+43 9.96005e+41 29855.3
-4.40862e+43 4.57645e+43 29878.2
1.41355e+42 7.43054e+43 29883.5
6.26398e+43 6.02595e+43 29871.2
1.01636e+44 -2.00352e+42 29841.3
8.2366e+43 -8.57377e+43 29793.7
-2.83625e+42 -1.3902e+44 29728.6
-1.17353e+44 -1.12582e+44 29645.9
-1.90153e+44 4.0105e+42 29545.7
-1.53883e+44 1.60625e+44 29428.1
5.66486e+42 2.60094e+44 29293
2.19853e+44 2.10336e+44 29140.6
3.55761e+44 -7.99366e+42 28971
2.87497e+44 -3.00921e+44 28784.3
-1.12692e+43 -4.86614e+44 28580.5
-4.11881e+44 -3.92965e+44 28359.7
-6.65597e+44 1.58729e+43 28122.2
-5.37123e+44 5.63756e+44 27868.1
2.23386e+43 9.10412e+44 27597.4
7.71631e+44 7.34164e+44 27310.3
1.24527e+45 -3.14133e+43 27007.1
1.00349e+45 -1.05615e+45 26687.8
-4.41415e+43 -1.7033e+45 26352.7
-1.44559e+45 -1.37161e+45 26001.9
-2.32978e+45 6.19831e+43 25635.7
-1.87477e+45 1.97862e+45 25254.3
8.69778e+43 3.1867e+45 24857.9
2.70819e+45 2.56252e+45 24446.6
4.3588e+45 -1.21974e+44 24020.9
3.50255e+45 -3.70677e+45 23580.8
-1.70947e+44 -5.962e+45 23126.7
-5.07355e+45 -4.78741e+45 22658.8
-8.15487e+45 2.39444e+44 22177.4
-6.54361e+45 6.94429e+45 21682.7
3.35204e+44 1.11543e+46 21175.2
9.50481e+45 8.94403e+45 20654.9
1.52569e+46 -4.69013e+44 20122.4
1.2225e+46 -1.30094e+46 19577.8
-6.55907e+44 -2.08685e+46 19021.5
-1.78063e+46 -1.67095e+46 18453.8
-2.8544e+46 9.16835e+44 17875.1
-2.28391e+46 2.43718e+46 17285.6
1.28097e+45 3.90426e+46 16685.8
3.33581e+46 3.12171e+46 16075.9
5.34026e+46 -1.78894e+45 15456.4
4.26684e+46 -4.56577e+46 14827.5
-2.4973e+45 -7.30443e+46 14189.8
-6.24924e+46 -5.83203e+46 13543.4
-9.99101e+46 3.48471e+45 12888.9
-7.97137e+46 8.55343e+46 12226.6
4.86064e+45 1.36657e+47 11556.9
1.17072e+47 1.08955e+47 10880.1
1.8692e+47 -6.77732e+45 10196.7
1.48922e+47 -1.60238e+47 9507.15
-9.44636e+45 -2.55669e+47 8811.74
-2.19319e+47 -2.03549e+47 8110.92
-3.49704e+47 1.3162e+46 7405.11
-2.78215e+47 3.00184e+47 6694.72
1.83329e+46 4.78325e+47 5980.16
4.10864e+47 3.80269e+47 5261.86
6.54252e+47 -2.5527e+46 4540.24
5.19758e+47 -5.62352e+47 3815.73
-3.55332e+46 -8.94885e+47 3088.75
-7.69694e+47 -7.10413e+47 2359.72
-1.22402e+48 4.94466e+46 1629.09
-9.71002e+47 1.05348e+48 897.27
6.87881e+46 1.67421e+48 164.704
1.44191e+48 1.32718e+48 -568.18
2.28998e+48 -9.56682e+46 -1300.95
1.814e+48 -1.97354e+48 -2033.17
-1.33016e+47 -3.13222e+48 -2764.41
-2.70118e+48 -2.47939e+48 -3494.25
-4.28424e+48 1.84895e+47 -4222.24
-3.38885e+48 3.69711e+48 -4947.96
2.56942e+47 5.85995e+48 -5670.98
5.06023e+48 4.63191e+48 -6390.87
8.01521e+48 -3.56976e+47 -7107.2
6.33092e+48 -6.92592e+48 -7819.57
-4.95836e+47 -1.09631e+49 -8527.53
-9.47947e+48 -8.65312e+48 -9230.67
-1.49953e+49 6.88551e+47 -9928.58
-1.18271e+49 1.29745e+49 -10620.8
9.55952e+47 2.05104e+49 -11307.1
1.77581e+49 1.61653e+49 -11986.8
2.8054e+49 -1.32691e+48 -12659.7
2.20947e+49 -2.43054e+49 -13325.3
-1.84142e+48 -3.83719e+49 -13983.2
-3.32666e+49 -3.0199e+49 -14633.1
-5.24847e+49 2.55492e+48 -15274.6
-4.12759e+49 4.55316e+49 -15907.2
3.54416e+48 7.1788e+49 -16530.7
6.23186e+49 5.64157e+49 -17144.6
9.81908e+49 -4.91546e+48 -17748.5
7.71087e+49 -8.52947e+49 -18342.2
-6.81605e+48 -1.34304e+50 -18925.2
-1.16742e+50 -1.05392e+50 -19497.3
-1.83699e+50 9.44977e+48 -20058
-1.44048e+50 1.59783e+50 -20607
1.30988e+49 2.51262e+50 -21144.1
2.18692e+50 1.96884e+50 -21668.8
3.43672e+50 -1.81537e+49 -22181
2.69098e+50 -2.9932e+50 -22680.1
-2.51551e+49 -4.70069e+50 -23166.1
-4.09674e+50 -3.678e+50 -23638.5
-6.42953e+50 3.48509e+49 -24097.2
-5.02703e+50 5.60712e+50 -24541.7
4.82761e+49 8.79421e+50 -24972
7.67435e+50 6.87086e+50 -25387.6
1.20286e+51 -6.68623e+49 -25788.3
9.39098e+50 -1.05037e+51 -26174
-9.25899e+49 -1.64525e+51 -26544.3
-1.43762e+51 -1.28354e+51 -26899.1
-2.25034e+51 1.28198e+50 -27238.2
-1.75432e+51 1.96764e+51 -27561.3
1.77474e+50 3.07797e+51 -27868.2
2.69305e+51 2.39776e+51 -28158.7
4.20998e+51 -2.45655e+50 -28432.8
3.2772e+51 -3.68591e+51 -28690.1
-3.39982e+50 -5.75833e+51 -28930.6
-5.0448e+51 -4.4792e+51 -29154.1
-7.87612e+51 4.70464e+50 -29360.5
-6.12205e+51 6.90468e+51 -29549.6
6.50938e+50 1.07728e+52 -29721.3
9.45022e+51 8.36744e+51 -29875.6
1.47348e+52 -9.00526e+50 -30012.3
1.14364e+52 -1.29342e+52 -30131.3
-1.24565e+51 -2.01539e+52 -30232.6
-1.77027e+52 -1.56309e+52 -30316.1
-2.7566e+52 1.72284e+51 -30381.7
-2.13638e+52 2.4229e+52 -30429.4
2.38253e+51 3.77041e+52 -30459.2
3.31614e+52 2.91993e+52 -30471
5.15708e+52 -3.29443e+51 -30464.8
3.99085e+52 -4.53869e+52 -30440.7
-4.55483e+51 -7.05372e+52 -30398.6
-6.21193e+52 -5.45455e+52 -30338.6
-9.64789e+52 6.29671e+51 -30260.6
-7.45507e+52 8.50204e+52 -30164.8
8.70376e+51 1.31961e+53 -30051.2
1.16364e+53 1.01893e+53 -29919.7
1.80493e+53 -1.20296e+52 -29770.6
1.39263e+53 -1.59263e+53 -29603.9
-1.66246e+52 -2.46873e+53 -29419.7
-2.17976e+53 -1.90339e+53 -29218.1
-3.37666e+53 2.29723e+52 -28999.1
-2.60147e+53 2.98335e+53 -28763
3.17405e+52 4.61849e+53 -28509.9
4.08318e+53 3.55556e+53 -28239.9
6.31704e+53 -4.38509e+52 -27953.1
4.85958e+53 -5.58846e+53 -27649.7
-6.0576e+52 -8.64025e+53 -27330
-7.64867e+53 -6.64183e+53 -26994
-1.18179e+54 8.3672e+52 -26642
-9.07772e+53 1.04684e+54 -26274.2
1.15563e+53 1.61641e+54 -25890.7
1.43276e+54 1.2407e+54 -25491.9
2.21087e+54 -1.59594e+53 -25077.9
1.69572e+54 -1.96094e+54 -24649
-2.20381e+53 -3.02395e+54 -24205.5
-2.68384e+54 -2.31761e+54 -23747.5
-4.13606e+54 3.04294e+53 -23275.4
-3.16758e+54 3.67323e+54 -22789.4
4.20121e+53 5.65716e+54 -22289.8
5.02736e+54 4.32926e+54 -21776.9
7.73767e+54 -5.79986e+53 -21251
5.91698e+54 -6.88068e+54 -20712.4
-8.00616e+53 -1.05833e+55 -20161.5
-9.4172e+54 -8.08697e+54 -19598.4
-1.44754e+55 1.10508e+54 -19023.7
-1.10528e+55 1.28888e+55 -18437.5
1.52521e+54 1.9799e+55 -17840.3
1.76402e+55 1.51062e+55 -17232.4
2.70803e+55 -2.10489e+54 -16614.2
2.06462e+55 -2.4143e+55 -15985.9
-2.90465e+54 -3.70394e+55 -15348
-3.30431e+55 -2.82178e+55 -14700.9
-5.0661e+55 4.00798e+54 -14045
-3.85661e+55 4.52241e+55 -13380.5
5.52999e+54 6.92921e+55 -12707.9
6.18955e+55 5.27095e+55 -12027.7
9.47749e+55 -7.62939e+54 -11340.1
7.20395e+55 -8.47124e+55 -10645.7
-1.0525e+55 -1.29629e+56 -9944.76
-1.1594e+56 -9.84584e+55 -9237.75
-1.77301e+56 1.45187e+55 -8525.07
-1.34566e+56 1.5868e+56 -7807.15
2.00262e+55 2.42505e+56 -7084.4
2.17175e+56 1.83914e+56 -6357.27
3.31688e+56 -2.7621e+55 -5626.16
2.51359e+56 -2.97233e+56 -4891.51
-3.80935e+55 -4.53669e+56 -4153.76
-4.06802e+56 -3.43538e+56 -3413.33
-6.20508e+56 5.2533e+55 -2670.67
-4.69519e+56 5.56762e+56 -1926.21
7.24411e+55 8.48702e+56 -1180.38
7.62e+56 6.417e+56 -433.641
1.16082e+57 -9.98871e+55 313.583
8.77022e+56 -1.04289e+57 1060.85
-1.37723e+56 -1.58771e+57 1807.71
-1.42733e+57 -1.19864e+57 2553.73
-2.1716e+57 1.89878e+56 3298.47
-1.63819e+57 1.95349e+57 4041.49
2.61768e+56 2.9702e+57 4782.34
2.67359e+57 2.23894e+57 5520.6
4.0625e+57 -3.60853e+56 6255.83
3.05998e+57 -3.65914e+57 6987.58
-4.97415e+56 -5.55649e+57 7715.43
-5.00798e+57 -4.18209e+57 8438.95
-7.59989e+57 6.85617e+56 9157.71
-5.71569e+57 6.85402e+57 9871.29
9.44971e+56 1.03947e+58 10579.3
9.38056e+57 7.81167e+57 11281.2
1.42174e+58 -1.30236e+57 11976.7
1.06762e+58 -1.28384e+58 12665.3
-1.79481e+57 -1.94458e+58 13346.7
-1.75709e+58 -1.45912e+58 14020.4
-2.6597e+58 2.47332e+57 14686
-1.99418e+58 2.40478e+58 15343.2
3.40815e+57 3.63779e+58 15991.5
3.29122e+58 2.72544e+58 16630.6
4.97558e+58 -4.69606e+57 17260.1
3.72486e+58 -4.50441e+58 17879.6
-6.47032e+57 -6.80533e+58 18488.7
-6.1648e+58 -5.09074e+58 19087.1
-9.30795e+58 8.91445e+57 19674.4
-6.95749e+58 8.43723e+58 20250.2
1.22812e+58 1.27309e+59 20814.3
1.15473e+59 9.50874e+58 21366.3
1.74126e+59 -1.69186e+58 21905.9
1.29955e+59 -1.58037e+59 22432.7
-2.33059e+58 -2.3816e+59 22946.4
-2.16291e+59 -1.77608e+59 23446.8
-3.25741e+59 3.2103e+58 23933.4
-2.42735e+59 2.96018e+59 24406.1
4.42185e+58 4.4553e+59 24864.6
4.05133e+59 3.31742e+59 25308.5
6.09369e+59 -6.09034e+58 25737.6
4.53386e+59 -5.54467e+59 26151.6
-8.38799e+58 -8.33459e+59 26550.4
-7.58846e+59 -6.19635e+59 26933.6
-1.13995e+60 1.15519e+59 27301
-8.46843e+59 1.03856e+60 27652.4
1.59085e+59 1.55916e+60 27987.7
1.42138e+60 1.15736e+60 28306.5
2.13252e+60 -2.19071e+59 28608.7
1.58174e+60 -1.9453e+60 28894.2
-3.01662e+59 -2.91673e+60 29162.6
-2.66234e+60 -2.16173e+60 29414
-3.98932e+60 4.15372e+59 29648.1
-2.95438e+60 3.64367e+60 29864.7
5.71919e+59 5.45634e+60 30063.8
4.98672e+60 4.03767e+60 30245.3
7.46284e+60 -7.87432e+59 30408.9
5.51816e+60 -6.82482e+60 30554.7
-1.08411e+60 -1.02072e+61 30682.4
-9.34042e+60 -7.5415e+60 30792.1
-1.39607e+61 1.4925e+60 30883.7
-1.03067e+61 1.27833e+61 30957.1
2.05464e+60 1.90945e+61 31012.3
1.74951e+61 1.40859e+61 31049.1
2.61162e+61 -2.8284e+60 31067.7
1.92506e+61 -2.39437e+61 31067.9
-3.89339e+60 -3.572e+61 31049.9
-3.27691e+61 -2.63091e+61 31013.4
-4.88554e+61 5.35917e+60 30958.7
-3.59557e+61 4.48475e+61 30885.7
7.3765e+60 6.68211e+61 30794.5
6.13778e+61 4.91391e+61 30685.1
9.13933e+61 -1.01528e+61 30557.5
6.71564e+61 -8.4001e+61 30411.9
-1.39734e+61 -1.25001e+62 30248.3
-1.14963e+62 -9.17797e+61 30066.8
-1.70968e+62 1.92311e+61 29867.5
-1.25431e+62 1.57337e+62 29650.5
2.64661e+61 2.33838e+62 29416
2.15328e+62 1.71421e+62 29164
3.19826e+62 -3.64216e+61 28894.8
2.34272e+62 -2.94695e+62 28608.4
-5.012e+61 -4.37435e+62 28305.1
-4.03315e+62 -3.20168e+62 27985
-5.98292e+62 6.8968e+61 27648.3
-4.37557e+62 5.5197e+62 27295.1
9.49006e+61 8.18299e+62 26925.8
7.55416e+62 5.97986e+62 26540.5
1.11921e+63 -1.30579e+62 26139.4
8.17234e+62 -1.03385e+63 25722.7
-1.79665e+62 -1.53077e+63 25290.8
-1.4149e+63 -1.11687e+63 24843.8
-2.09367e+63 2.47195e+62 24382
-1.52635e+63 1.9364e+63 23905.7
3.40094e+62 2.86356e+63 23415.1
2.65012e+63 2.08598e+63 22910.6
3.91656e+63 -4.67891e+62 22392.4
2.85077e+63 -3.62689e+63 21860.9
-6.43687e+62 -5.35676e+63 21316.3
-4.96367e+63 -3.89597e+63 20758.9
-7.32656e+63 8.85505e+62 20189.2
-5.32437e+63 6.79315e+63 19607.3
1.21813e+63 1.00207e+64 19013.8
9.29692e+63 7.27645e+63 18408.8
1.37055e+64 -1.67564e+63 17792.8
9.94422e+63 -1.27235e+64 17166.1
-2.30491e+63 -1.87453e+64 16529.1
-1.7413e+64 -1.35901e+64 15882.1
-2.56382e+64 3.1704e+63 15225.6
-1.85725e+64 2.38309e+64 14559.9
4.36073e+63 3.50659e+64 13885.4
3.26143e+64 2.53817e+64 13202.5
4.79602e+64 -5.9978e+63 12511.6
3.46873e+64 -4.46349e+64 11813.2
-8.24919e+63 -6.5596e+64 11107.5
-6.10858e+64 -4.74044e+64 10395.1
-8.97167e+64 1.13453e+64 9676.37
-6.47838e+64 8.35999e+64 8951.69
1.56031e+64 1.22707e+65 8221.51
1.14412e+65 8.85347e+64 7486.26
1.67828e+65 -2.1458e+64 6746.37
1.20993e+65 -1.5658e+65 6002.28
-2.95092e+64 -2.29541e+65 5254.43
-2.14289e+65 -1.65351e+65 4503.25
-3.13946e+65 4.05799e+64 3749.19
-2.25971e+65 2.93268e+65 2992.69
5.58024e+64 4.29388e+65 2234.2
4.01355e+65 3.08814e+65 1474.16
5.87279e+65 -7.6733e+64 713.023
4.22029e+65 -5.49279e+65 -48.7637
-1.05511e+65 -8.03229e+65 -810.751
-7.5172e+65 -5.76748e+65 -1572.49
-1.09858e+66 1.45079e+65 -2333.53
-7.88188e+65 1.02877e+66 -3093.42
1.99479e+65 1.50254e+66 -3851.72
1.40793e+66 1.07714e+66 -4607.97
2.05504e+66 -2.7427e+65 -5361.73
1.47202e+66 -1.92683e+66 -6112.56
-3.77093e+65 -2.8107e+66 -6860
-2.63698e+66 -2.01167e+66 -7603.63
-3.84422e+66 5.18448e+65 -8342.99
-2.74915e+66 3.60884e+66 -9077.65
7.12774e+65 5.25777e+66 -9807.18
4.93889e+66 3.75698e+66 -10531.1
7.19109e+66 -9.7991e+65 -11249.1
5.13427e+66 -6.75913e+66 -11960.7
-1.34713e+66 -9.8353e+66 -12665.4
-9.25021e+66 -7.01647e+66 -13362.8
-1.34518e+67 1.85192e+66 -14052.6
-9.58865e+66 1.26594e+67 -14734.3
2.54579e+66 1.83981e+67 -15407.5
1.73249e+67 1.31038e+67 -16071.8
2.51631e+67 -3.49956e+66 -16726.9
1.79075e+67 -2.371e+67 -17372.2
-4.81053e+66 -3.44157e+67 -18007.5
-3.24482e+67 -2.44721e+67 -18632.4
-4.70704e+67 6.61243e+66 -19246.5
-3.34432e+67 4.44069e+67 -19849.4
9.08906e+66 6.43783e+67 -20440.8
6.07728e+67 4.57029e+67 -21020.3
8.80504e+67 -1.2493e+67 -21587.6
6.24568e+67 -8.31702e+67 -22142.3
-1.71713e+67 -1.20427e+68 -22684.1
-1.13822e+68 -8.53522e+67 -23212.7
-1.64707e+68 2.3601e+67 -23727.8
-1.1664e+68 1.5577e+68 -24229
3.24374e+67 2.2527e+68 -24716.1
2.13177e+68 1.59398e+68 -25188.7
3.08102e+68 -4.45812e+67 -25646.6
2.17829e+68 -2.91742e+68 -26089.6
-6.12701e+67 -4.2139e+68 -26517.2
-3.99259e+68 -2.9768e+68 -26929.4
-5.76335e+68 8.42043e+67 -27325.8
-4.068e+68 5.46401e+68 -27706.2
1.15721e+68 7.88251e+68 -28070.4
7.4777e+68 5.5592e+68 -28418.1
1.07809e+69 -1.59029e+68 -28749.2
7.59703e+68 -1.02335e+69 -29063.4
-2.18542e+68 -1.4745e+69 -29360.5
-1.40049e+69 -1.03818e+69 -29640.5
-2.01666e+69 3.00318e+68 -29903
-1.41874e+69 1.91661e+69 -30147.9
4.12686e+68 2.75818e+69 -30375.2
2.62295e+69 1.9388e+69 -30584.6
3.77234e+69 -5.67084e+68 -30776
2.64949e+69 -3.58959e+69 -30949.3
-7.79232e+68 -5.1594e+69 -31104.4
-4.91246e+69 -3.62068e+69 -31241.3
-7.05647e+69 1.07072e+69 -31359.7
-4.94786e+69 6.72284e+69 -31459.6
1.47122e+69 9.65108e+69 -31541.1
9.20039e+69 6.76152e+69 -31603.9
1.31997e+70 -2.02148e+69 -31648.2
9.23997e+69 -1.2591e+70 -31673.7
-2.77748e+69 -1.80531e+70 -31680.6
-1.72311e+70 -1.26269e+70 -31668.8
-2.4691e+70 3.81615e+69 -31638.3
-1.72553e+70 2.35812e+70 -31589.2
5.24312e+69 3.37696e+70 -31521.4
3.22714e+70 2.35801e+70 -31435
4.61863e+70 -7.20354e+69 -31330
3.22233e+70 -4.41642e+70 -31206.5
-9.89677e+69 -6.31685e+70 -31064.5
-6.04396e+70 -4.40345e+70 -30904.2
-8.63947e+70 1.35967e+70 -30725.6
-6.0175e+70 8.27129e+70 -30528.8
1.86794e+70 1.18161e+71 -30314
1.13194e+71 8.22315e+70 -30081.2
1.61607e+71 -2.56616e+70 -29830.6
1.12372e+71 -1.54909e+71 -29562.3
-3.52531e+70 -2.21027e+71 -29276.5
-2.11995e+71 -1.53561e+71 -28973.4
-3.02296e+71 4.84287e+70 -28653
-2.09846e+71 2.90119e+71 -28315.7
6.65273e+70 4.13445e+71 -27961.6
3.97032e+71 2.86762e+71 -27590.8
5.65461e+71 -9.13879e+70 -27203.7
3.91868e+71 -5.43345e+71 -26800.4
