   3.4645e+05   3.4646e+05
   3.4645e+05   3.4645e+05
   3.4646e+05   3.4645e+05

   8.2085e+05   8.2125e+05
   8.1149e+05   8.1187e+05
   8.1674e+05   8.1653e+05

   1.9485e+06   1.9505e+06
   1.8866e+06   1.8882e+06
   1.9214e+06   1.9205e+06

   4.6294e+06   4.6362e+06
   4.3541e+06   4.3591e+06
   4.5114e+06   4.5084e+06

   1.0997e+07   1.1019e+07
   9.9761e+06   9.9898e+06
   1.0574e+07   1.0565e+07

   2.6101e+07   2.6163e+07
   2.2693e+07   2.2727e+07
   2.4744e+07   2.4720e+07

   6.1846e+07   6.2018e+07
   5.1245e+07   5.1328e+07
   5.7818e+07   5.7751e+07

   1.4622e+08   1.4668e+08
   1.1488e+08   1.1507e+08
   1.3491e+08   1.3474e+08

   3.4480e+08   3.4600e+08
   2.5561e+08   2.5602e+08
   3.1439e+08   3.1394e+08

   8.1057e+08   8.1365e+08
   5.6439e+08   5.6524e+08
   7.3176e+08   7.3063e+08

   1.8991e+09   1.9069e+09
   1.2363e+09   1.2380e+09
   1.7013e+09   1.6985e+09

   4.4334e+09   4.4527e+09
   2.6859e+09   2.6887e+09
   3.9513e+09   3.9443e+09

   1.0310e+10   1.0357e+10
   5.7842e+09   5.7881e+09
   9.1679e+09   9.1507e+09

   2.3882e+10   2.3996e+10
   1.2341e+10   1.2343e+10
   2.1252e+10   2.1210e+10

   5.5091e+10   5.5363e+10
   2.6066e+10   2.6055e+10
   4.9220e+10   4.9119e+10

   1.2655e+11   1.2719e+11
   5.4455e+10   5.4389e+10
   1.1390e+11   1.1366e+11

   2.8943e+11   2.9093e+11
   1.1239e+11   1.1213e+11
   2.6338e+11   2.6279e+11

   6.5904e+11   6.6253e+11
   2.2879e+11   2.2798e+11
   6.0857e+11   6.0717e+11

   1.4939e+12   1.5020e+12
   4.5848e+11   4.5607e+11
   1.4052e+12   1.4019e+12

   3.3711e+12   3.3894e+12
   9.0190e+11   8.9515e+11
   3.2425e+12   3.2345e+12

   7.5719e+12   7.6131e+12
   1.7349e+12   1.7166e+12
   7.4771e+12   7.4583e+12

   1.6927e+13   1.7020e+13
   3.2447e+12   3.1966e+12
   1.7232e+13   1.7188e+13

   3.7663e+13   3.7868e+13
   5.8481e+12   5.7240e+12
   3.9691e+13   3.9586e+13

   8.3394e+13   8.3844e+13
   1.0005e+13   9.6913e+12
   9.1370e+13   9.1124e+13

   1.8375e+14   1.8473e+14
   1.5781e+13   1.5001e+13
   2.1023e+14   2.0965e+14

   4.0289e+14   4.0499e+14
   2.1417e+13   1.9504e+13
   4.8346e+14   4.8210e+14

   8.7893e+14   8.8339e+14
   1.9345e+13   1.4712e+13
   1.1113e+15   1.1081e+15

   1.9078e+15   1.9171e+15
  -1.3902e+13  -2.4996e+13
   2.5532e+15   2.5458e+15

   4.1198e+15   4.1392e+15
  -1.4158e+14  -1.6786e+14
   5.8635e+15   5.8462e+15

   8.8513e+15   8.8907e+15
  -5.1995e+14  -5.8160e+14
   1.3460e+16   1.3420e+16

   1.8920e+16   1.8998e+16
  -1.5097e+15  -1.6530e+15
   3.0886e+16   3.0792e+16

   4.0238e+16   4.0391e+16
  -3.8919e+15  -4.2217e+15
   7.0843e+16   7.0626e+16

   8.5156e+16   8.5443e+16
  -9.2391e+15  -9.9913e+15
   1.6244e+17   1.6193e+17

   1.7937e+17   1.7988e+17
  -2.0416e+16  -2.2116e+16
   3.7231e+17   3.7114e+17

   3.7615e+17   3.7702e+17
  -4.1785e+16  -4.5593e+16
   8.5305e+17   8.5033e+17

   7.8576e+17   7.8708e+17
  -7.7248e+16  -8.5700e+16
   1.9539e+18   1.9476e+18

   1.6362e+18   1.6377e+18
  -1.1967e+17  -1.3825e+17
   4.4739e+18   4.4594e+18

   3.3998e+18   3.4001e+18
  -1.1178e+17  -1.5220e+17
   1.0241e+19   1.0207e+19

   7.0584e+18   7.0524e+18
   1.7914e+17   9.2156e+16
   2.3434e+19   2.3357e+19

   1.4668e+19   1.4641e+19
   1.5321e+18   1.3471e+18
   5.3610e+19   5.3431e+19

   3.0579e+19   3.0490e+19
   6.3164e+18   5.9279e+18
   1.2261e+20   1.2219e+20

   6.4127e+19   6.3869e+19
   2.1324e+19   2.0520e+19
   2.8033e+20   2.7937e+20

   1.3569e+20   1.3500e+20
   6.5249e+19   6.3613e+19
   6.4077e+20   6.3857e+20

   2.9065e+20   2.8891e+20
   1.8799e+20   1.8473e+20
   1.4643e+21   1.4592e+21

   6.3213e+20   6.2790e+20
   5.1962e+20   5.1328e+20
   3.3453e+21   3.3337e+21

   1.3994e+21   1.3894e+21
   1.3925e+21   1.3805e+21
   7.6410e+21   7.6141e+21

   3.1576e+21   3.1347e+21
   3.6419e+21   3.6203e+21
   1.7448e+22   1.7387e+22

   7.2627e+21   7.2118e+21
   9.3366e+21   9.3002e+21
   3.9835e+22   3.9693e+22

   1.7006e+22   1.6896e+22
   2.3535e+22   2.3480e+22
   9.0924e+22   9.0599e+22

   4.0445e+22   4.0215e+22
   5.8460e+22   5.8397e+22
   2.0749e+23   2.0674e+23

   9.7403e+22   9.6941e+22
   1.4334e+23   1.4333e+23
   4.7340e+23   4.7169e+23

   2.3676e+23   2.3588e+23
   3.4733e+23   3.4758e+23
   1.0799e+24   1.0759e+24

   5.7902e+23   5.7748e+23
   8.3257e+23   8.3371e+23
   2.4628e+24   2.4538e+24

   1.4209e+24   1.4185e+24
   1.9757e+24   1.9794e+24
   5.6157e+24   5.5949e+24

   3.4904e+24   3.4880e+24
   4.6437e+24   4.6545e+24
   1.2802e+25   1.2755e+25

   8.5673e+24   8.5692e+24
   1.0815e+25   1.0844e+25
   2.9181e+25   2.9073e+25

   2.0983e+25   2.1004e+25
   2.4967e+25   2.5041e+25
   6.6503e+25   6.6254e+25

   5.1221e+25   5.1310e+25
   5.7137e+25   5.7317e+25
   1.5153e+26   1.5096e+26

   1.2453e+26   1.2483e+26
   1.2964e+26   1.3006e+26
   3.4521e+26   3.4391e+26

   3.0138e+26   3.0227e+26
   2.9160e+26   2.9257e+26
   7.8632e+26   7.8334e+26

   7.2574e+26   7.2825e+26
   6.5016e+26   6.5234e+26
   1.7908e+27   1.7840e+27

   1.7385e+27   1.7453e+27
   1.4366e+27   1.4413e+27
   4.0778e+27   4.0621e+27

   4.1421e+27   4.1599e+27
   3.1448e+27   3.1547e+27
   9.2840e+27   9.2482e+27

   9.8147e+27   9.8601e+27
   6.8162e+27   6.8363e+27
   2.1134e+28   2.1052e+28

   2.3126e+28   2.3240e+28
   1.4619e+28   1.4657e+28
   4.8102e+28   4.7915e+28

   5.4188e+28   5.4469e+28
   3.0994e+28   3.1063e+28
   1.0947e+29   1.0904e+29

   1.2626e+29   1.2694e+29
   6.4883e+28   6.4992e+28
   2.4908e+29   2.4811e+29

   2.9251e+29   2.9414e+29
   1.3390e+29   1.3402e+29
   5.6669e+29   5.6446e+29

   6.7385e+29   6.7772e+29
   2.7178e+29   2.7177e+29
   1.2891e+30   1.2840e+30

   1.5435e+30   1.5526e+30
   5.4089e+29   5.4016e+29
   2.9320e+30   2.9205e+30

   3.5154e+30   3.5364e+30
   1.0508e+30   1.0474e+30
   6.6681e+30   6.6416e+30

   7.9601e+30   8.0083e+30
   1.9787e+30   1.9671e+30
   1.5163e+31   1.5102e+31

   1.7920e+31   1.8029e+31
   3.5708e+30   3.5356e+30
   3.4475e+31   3.4337e+31

   4.0102e+31   4.0347e+31
   6.0493e+30   5.9490e+30
   7.8374e+31   7.8060e+31

   8.9203e+31   8.9749e+31
   9.2034e+30   8.9306e+30
   1.7815e+32   1.7744e+32

   1.9721e+32   1.9841e+32
   1.1069e+31   1.0351e+31
   4.0491e+32   4.0328e+32

   4.3322e+32   4.3583e+32
   4.1677e+30   2.3238e+30
   9.2019e+32   9.1647e+32

   9.4555e+32   9.5116e+32
  -3.4442e+31  -3.9079e+31
   2.0910e+33   2.0825e+33

   2.0499e+33   2.0618e+33
  -1.6818e+32  -1.7963e+32
   4.7509e+33   4.7316e+33

   4.4132e+33   4.4381e+33
  -5.6142e+32  -5.8931e+32
   1.0793e+34   1.0749e+34

   9.4323e+33   9.4833e+33
  -1.6211e+33  -1.6881e+33
   2.4518e+34   2.4418e+34

   2.0007e+34   2.0109e+34
  -4.3179e+33  -4.4769e+33
   5.5690e+34   5.5462e+34

   4.2098e+34   4.2299e+34
  -1.0895e+34  -1.1267e+34
   1.2648e+35   1.2596e+35

   8.7837e+34   8.8220e+34
  -2.6376e+34  -2.7241e+34
   2.8723e+35   2.8605e+35

   1.8164e+35   1.8234e+35
  -6.1674e+34  -6.3661e+34
   6.5221e+35   6.4952e+35

   3.7209e+35   3.7327e+35
  -1.3968e+35  -1.4419e+35
   1.4808e+36   1.4747e+36

   7.5460e+35   7.5639e+35
  -3.0640e+35  -3.1655e+35
   3.3619e+36   3.3480e+36

   1.5141e+36   1.5162e+36
  -6.4932e+35  -6.7192e+35
   7.6318e+36   7.6001e+36

   3.0043e+36   3.0046e+36
  -1.3210e+36  -1.3708e+36
   1.7323e+37   1.7251e+37

   5.8921e+36   5.8832e+36
  -2.5485e+36  -2.6569e+36
   3.9318e+37   3.9154e+37

   1.1420e+37   1.1379e+37
  -4.5454e+36  -4.7786e+36
   8.9231e+37   8.8857e+37

   2.1884e+37   2.1749e+37
  -7.0550e+36  -7.5501e+36
   2.0249e+38   2.0164e+38

   4.1521e+37   4.1130e+37
  -7.7044e+36  -8.7399e+36
   4.5947e+38   4.5753e+38

   7.8275e+37   7.7215e+37
   3.1366e+36   1.0068e+36
   1.0425e+39   1.0381e+39

   1.4758e+38   1.4485e+38
   5.7221e+37   5.2928e+37
   2.3651e+39   2.3551e+39

   2.8143e+38   2.7464e+38
   2.4935e+38   2.4090e+38
   5.3653e+39   5.3426e+39

   5.5201e+38   5.3558e+38
   8.4609e+38   8.3001e+38
   1.2170e+40   1.2119e+40

   1.1365e+39   1.0978e+39
   2.5671e+39   2.5378e+39
   2.7604e+40   2.7487e+40

   2.4994e+39   2.4102e+39
   7.2972e+39   7.2472e+39
   6.2607e+40   6.2341e+40

   5.9059e+39   5.7048e+39
   1.9857e+40   1.9781e+40
   1.4198e+41   1.4138e+41

   1.4855e+40   1.4411e+40
   5.2339e+40   5.2250e+40
   3.2197e+41   3.2059e+41

   3.9023e+40   3.8068e+40
   1.3458e+41   1.3456e+41
   7.3007e+41   7.2694e+41

   1.0496e+41   1.0295e+41
   3.3911e+41   3.3946e+41
   1.6553e+42   1.6482e+42

   2.8459e+41   2.8051e+41
   8.4005e+41   8.4171e+41
   3.7529e+42   3.7368e+42

   7.7018e+41   7.6221e+41
   2.0504e+42   2.0559e+42
   8.5079e+42   8.4713e+42

   2.0685e+42   2.0538e+42
   4.9389e+42   4.9550e+42
   1.9286e+43   1.9203e+43

   5.4974e+42   5.4725e+42
   1.1754e+43   1.1798e+43
   4.3717e+43   4.3528e+43

   1.4440e+43   1.4405e+43
   2.7661e+43   2.7775e+43
   9.9087e+43   9.8659e+43

   3.7480e+43   3.7451e+43
   6.4411e+43   6.4694e+43
   2.2457e+44   2.2360e+44

   9.6146e+43   9.6200e+43
   1.4846e+44   1.4915e+44
   5.0894e+44   5.0674e+44

   2.4387e+44   2.4428e+44
   3.3881e+44   3.4043e+44
   1.1533e+45   1.1483e+45

   6.1199e+44   6.1356e+44
   7.6558e+44   7.6932e+44
   2.6134e+45   2.6021e+45

   1.5202e+45   1.5253e+45
   1.7128e+45   1.7212e+45
   5.9216e+45   5.8959e+45

   3.7401e+45   3.7549e+45
   3.7929e+45   3.8116e+45
   1.3417e+46   1.3358e+46

   9.1182e+45   9.1590e+45
   8.3107e+45   8.3511e+45
   3.0397e+46   3.0264e+46

   2.2037e+46   2.2145e+46
   1.8006e+46   1.8091e+46
   6.8862e+46   6.8561e+46

   5.2818e+46   5.3098e+46
   3.8543e+46   3.8718e+46
   1.5599e+47   1.5531e+47

   1.2559e+47   1.2629e+47
   8.1413e+46   8.1756e+46
   3.5335e+47   3.5180e+47

   2.9631e+47   2.9805e+47
   1.6941e+47   1.7005e+47
   8.0036e+47   7.9685e+47

   6.9388e+47   6.9813e+47
   3.4646e+47   3.4756e+47
   1.8128e+48   1.8048e+48

   1.6130e+48   1.6232e+48
   6.9409e+47   6.9572e+47
   4.1055e+48   4.0874e+48

   3.7227e+48   3.7468e+48
   1.3554e+48   1.3570e+48
   9.2977e+48   9.2567e+48

   8.5303e+48   8.5866e+48
   2.5603e+48   2.5589e+48
   2.1055e+49   2.0962e+49

   1.9408e+49   1.9538e+49
   4.6177e+48   4.6028e+48
   4.7678e+49   4.7467e+49

   4.3841e+49   4.4138e+49
   7.7602e+48   7.6992e+48
   1.0796e+50   1.0748e+50

   9.8322e+49   9.8993e+49
   1.1497e+49   1.1297e+49
   2.4444e+50   2.4335e+50

   2.1889e+50   2.2039e+50
   1.2537e+49   1.1945e+49
   5.5343e+50   5.5097e+50

   4.8364e+50   4.8694e+50
  -1.1525e+48  -2.8021e+48
   1.2529e+51   1.2474e+51

   1.0603e+51   1.0675e+51
  -6.6255e+49  -7.0662e+49
   2.8365e+51   2.8238e+51

   2.3057e+51   2.3212e+51
  -2.8476e+50  -2.9617e+50
   6.4210e+51   6.3924e+51

   4.9711e+51   5.0039e+51
  -9.2433e+50  -9.5320e+50
   1.4535e+52   1.4470e+52

   1.0621e+52   1.0689e+52
  -2.6592e+51  -2.7308e+51
   3.2900e+52   3.2753e+52

   2.2470e+52   2.2610e+52
  -7.1342e+51  -7.3088e+51
   7.4466e+52   7.4133e+52

   4.7036e+52   4.7317e+52
  -1.8255e+52  -1.8675e+52
   1.6854e+53   1.6779e+53

   9.7313e+52   9.7860e+52
  -4.5079e+52  -4.6072e+52
   3.8144e+53   3.7973e+53

   1.9870e+53   1.9973e+53
  -1.0813e+53  -1.1045e+53
   8.6323e+53   8.5936e+53

   3.9971e+53   4.0153e+53
  -2.5289e+53  -2.5827e+53
   1.9535e+54   1.9447e+54

   7.9016e+53   7.9312e+53
  -5.7776e+53  -5.9006e+53
   4.4205e+54   4.4007e+54

   1.5298e+54   1.5339e+54
  -1.2901e+54  -1.3179e+54
   1.0003e+55   9.9578e+54

   2.8868e+54   2.8899e+54
  -2.8134e+54  -2.8756e+54
   2.2633e+55   2.2531e+55

   5.2699e+54   5.2637e+54
  -5.9787e+54  -6.1161e+54
   5.1210e+55   5.0979e+55

   9.1954e+54   9.1526e+54
  -1.2330e+55  -1.2630e+55
   1.1586e+56   1.1534e+56

   1.5005e+55   1.4846e+55
  -2.4495e+55  -2.5141e+55
   2.6213e+56   2.6094e+56

   2.1850e+55   2.1359e+55
  -4.6270e+55  -4.7643e+55
   5.9301e+56   5.9033e+56

   2.4760e+55   2.3375e+55
  -8.0983e+55  -8.3852e+55
   1.3415e+57   1.3354e+57

   7.0667e+54   3.3827e+54
  -1.2357e+56  -1.2946e+56
   3.0347e+57   3.0209e+57

  -7.7662e+55  -8.7074e+55
  -1.3292e+56  -1.4474e+56
   6.8645e+57   6.8334e+57

  -3.4595e+56  -3.6926e+56
   5.2770e+55   2.9715e+55
   1.5527e+58   1.5457e+58

  -1.0683e+57  -1.1246e+57
   9.5676e+56   9.1340e+56
   3.5120e+58   3.4961e+58

  -2.8290e+57  -2.9621e+57
   4.1168e+57   4.0394e+57
   7.9433e+58   7.9072e+58

  -6.7901e+57  -7.0984e+57
   1.3797e+58   1.3670e+58
   1.7965e+59   1.7883e+59

  -1.5006e+58  -1.5707e+58
   4.1361e+58   4.1185e+58
   4.0630e+59   4.0445e+59

  -3.0356e+58  -3.1920e+58
   1.1620e+59   1.1605e+59
   9.1884e+59   9.1465e+59

  -5.4367e+58  -5.7790e+58
   3.1261e+59   3.1282e+59
   2.0779e+60   2.0684e+60

  -7.7123e+58  -8.4457e+58
   8.1468e+59   8.1636e+59
   4.6988e+60   4.6773e+60

  -4.1668e+58  -5.7017e+58
   2.0712e+60   2.0777e+60
   1.0625e+61   1.0576e+61

   2.6745e+59   2.3622e+59
   5.1606e+60   5.1806e+60
   2.4025e+61   2.3915e+61

   1.5500e+60   1.4887e+60
   1.2639e+61   1.2696e+61
   5.4322e+61   5.4074e+61

   5.8994e+60   5.7848e+60
   3.0494e+61   3.0646e+61
   1.2282e+62   1.2226e+62

   1.9258e+61   1.9058e+61
   7.2585e+61   7.2973e+61
   2.7769e+62   2.7642e+62

   5.7869e+61   5.7567e+61
   1.7063e+62   1.7160e+62
   6.2782e+62   6.2493e+62

   1.6490e+62   1.6458e+62
   3.9646e+62   3.9880e+62
   1.4193e+63   1.4128e+63

   4.5250e+62   4.5260e+62
   9.1084e+62   9.1638e+62
   3.2087e+63   3.1939e+63

   1.2065e+63   1.2087e+63
   2.0696e+63   2.0825e+63
   7.2535e+63   7.2202e+63

   3.1441e+63   3.1535e+63
   4.6512e+63   4.6805e+63
   1.6397e+64   1.6321e+64

   8.0389e+63   8.0703e+63
   1.0337e+64   1.0402e+64
   3.7064e+64   3.6893e+64

   2.0223e+64   2.0317e+64
   2.2708e+64   2.2851e+64
   8.3779e+64   8.3393e+64

   5.0160e+64   5.0421e+64
   4.9276e+64   4.9584e+64
   1.8937e+65   1.8849e+65

   1.2285e+65   1.2354e+65
   1.0552e+65   1.0617e+65
   4.2801e+65   4.2603e+65

   2.9743e+65   2.9923e+65
   2.2269e+65   2.2401e+65
   9.6737e+65   9.6290e+65

   7.1253e+65   7.1708e+65
   4.6221e+65   4.6482e+65
   2.1863e+66   2.1762e+66

   1.6901e+66   1.7014e+66
   9.4083e+65   9.4576e+65
   4.9411e+66   4.9183e+66

   3.9716e+66   3.9989e+66
   1.8703e+66   1.8789e+66
   1.1167e+67   1.1115e+67

   9.2491e+66   9.3145e+66
   3.6076e+66   3.6211e+66
   2.5235e+67   2.5118e+67

   2.1352e+67   2.1506e+67
   6.6813e+66   6.6971e+66
   5.7026e+67   5.6762e+67

   4.8873e+67   4.9232e+67
   1.1655e+67   1.1656e+67
   1.2886e+68   1.2827e+68

   1.1092e+68   1.1174e+68
   1.8401e+67   1.8322e+67
   2.9119e+68   2.8984e+68

   2.4959e+68   2.5147e+68
   2.3541e+67   2.3175e+67
   6.5797e+68   6.5491e+68

   5.5682e+68   5.6102e+68
   1.2770e+67   1.1521e+67
   1.4867e+69   1.4798e+69

   1.2312e+69   1.2405e+69
  -6.0416e+67  -6.4182e+67
   3.3591e+69   3.3435e+69

   2.6975e+69   2.7179e+69
  -3.3067e+68  -3.4125e+68
   7.5895e+69   7.5542e+69

   5.8530e+69   5.8970e+69
  -1.1624e+69  -1.1909e+69
   1.7147e+70   1.7067e+70

   1.2569e+70   1.2663e+70
  -3.4983e+69  -3.5721e+69
   3.8740e+70   3.8559e+70

   2.6691e+70   2.6886e+70
  -9.6951e+69  -9.8819e+69
   8.7521e+70   8.7113e+70

   5.5984e+70   5.6385e+70
  -2.5487e+70  -2.5950e+70
   1.9772e+71   1.9680e+71

   1.1581e+71   1.1662e+71
  -6.4509e+70  -6.5635e+70
   4.4667e+71   4.4458e+71

   2.3580e+71   2.3736e+71
  -1.5851e+71  -1.6121e+71
   1.0090e+72   1.0043e+72

   4.7118e+71   4.7409e+71
  -3.8002e+71  -3.8639e+71
   2.2793e+72   2.2686e+72

   9.2024e+71   9.2535e+71
  -8.9155e+71  -9.0640e+71
   5.1487e+72   5.1246e+72

   1.7459e+72   1.7540e+72
  -2.0502e+72  -2.0844e+72
   1.1630e+73   1.1575e+73

   3.1858e+72   3.1963e+72
  -4.6246e+72  -4.7024e+72
   2.6269e+73   2.6146e+73

   5.4945e+72   5.5004e+72
  -1.0230e+73  -1.0405e+73
   5.9334e+73   5.9056e+73

   8.6444e+72   8.6179e+72
  -2.2171e+73  -2.2560e+73
   1.3401e+74   1.3338e+74

   1.1314e+73   1.1166e+73
  -4.6974e+73  -4.7824e+73
   3.0268e+74   3.0126e+74

   7.9388e+72   7.4133e+72
  -9.6935e+73  -9.8774e+73
   6.8360e+74   6.8039e+74

  -1.9180e+73  -2.0774e+73
  -1.9366e+74  -1.9758e+74
   1.5439e+75   1.5366e+75

  -1.1988e+74  -1.2433e+74
  -3.7070e+74  -3.7891e+74
   3.4867e+75   3.4703e+75

  -4.2473e+74  -4.3655e+74
  -6.6699e+74  -6.8385e+74
   7.8741e+75   7.8371e+75

  -1.2592e+75  -1.2893e+75
  -1.0828e+75  -1.1166e+75
   1.7782e+76   1.7698e+76

  -3.4028e+75  -3.4777e+75
  -1.4137e+75  -1.4797e+75
   4.0156e+76   3.9966e+76

  -8.6613e+75  -8.8427e+75
  -7.2588e+74  -8.4944e+74
   9.0678e+76   9.0251e+76

  -2.1084e+76  -2.1515e+76
   4.1628e+75   3.9441e+75
   2.0476e+77   2.0380e+77

  -4.9461e+76  -5.0464e+76
   2.2840e+76   2.2487e+76
   4.6236e+77   4.6018e+77

  -1.1219e+77  -1.1448e+77
   8.2252e+76   8.1781e+76
   1.0440e+78   1.0391e+78

  -2.4608e+77  -2.5125e+77
   2.5475e+77   2.5443e+77
   2.3573e+78   2.3462e+78

  -5.2056e+77  -5.3200e+77
   7.2827e+77   7.2921e+77
   5.3225e+78   5.2974e+78

  -1.0547e+78  -1.0796e+78
   1.9786e+78   1.9844e+78
   1.2017e+79   1.1961e+79

  -2.0189e+78  -2.0717e+78
   5.1852e+78   5.2062e+78
   2.7133e+79   2.7004e+79

  -3.5468e+78  -3.6567e+78
   1.3221e+79   1.3285e+79
   6.1258e+79   6.0968e+79

  -5.3189e+78  -5.5416e+78
   3.2974e+79   3.3156e+79
   1.3830e+80   1.3764e+80

  -5.1054e+78  -5.5408e+78
   8.0733e+79   8.1218e+79
   3.1223e+80   3.1075e+80

   5.7242e+78   4.9128e+78
   1.9451e+80   1.9575e+80
   7.0488e+80   7.0153e+80

   5.5088e+79   5.3682e+79
   4.6192e+80   4.6501e+80
   1.5913e+81   1.5837e+81

   2.2549e+80   2.2335e+80
   1.0825e+81   1.0900e+81
   3.5922e+81   3.5752e+81

   7.4754e+80   7.4518e+80
   2.5053e+81   2.5232e+81
   8.1091e+81   8.0706e+81

   2.2412e+81   2.2417e+81
   5.7287e+81   5.7704e+81
   1.8305e+82   1.8218e+82

   6.3261e+81   6.3405e+81
   1.2945e+82   1.3040e+82
   4.1320e+82   4.1124e+82

   1.7136e+82   1.7199e+82
   2.8902e+82   2.9118e+82
   9.3271e+82   9.2827e+82

   4.5026e+82   4.5237e+82
   6.3741e+82   6.4219e+82
   2.1053e+83   2.0953e+83

   1.1552e+83   1.1615e+83
   1.3876e+83   1.3981e+83
   4.7520e+83   4.7294e+83

   2.9062e+83   2.9237e+83
   2.9791e+83   3.0013e+83
   1.0726e+84   1.0675e+84

   7.1913e+83   7.2379e+83
   6.2977e+83   6.3441e+83
   2.4209e+84   2.4093e+84

   1.7538e+84   1.7659e+84
   1.3082e+84   1.3176e+84
   5.4639e+84   5.4378e+84

   4.2222e+84   4.2524e+84
   2.6618e+84   2.6803e+84
   1.2332e+85   1.2273e+85

   1.0045e+85   1.0119e+85
   5.2806e+84   5.3153e+84
   2.7832e+85   2.7699e+85

   2.3635e+85   2.3815e+85
   1.0140e+85   1.0201e+85
   6.2813e+85   6.2512e+85

   5.5035e+85   5.5464e+85
   1.8616e+85   1.8711e+85
   1.4176e+86   1.4108e+86

   1.2687e+86   1.2787e+86
   3.1939e+85   3.2050e+85
   3.1991e+86   3.1838e+86

   2.8960e+86   2.9193e+86
   4.8656e+85   4.8667e+85
   7.2195e+86   7.1849e+86

   6.5464e+86   6.5997e+86
   5.6139e+85   5.5608e+85
   1.6292e+87   1.6214e+87

   1.4654e+87   1.4774e+87
   5.4830e+84   3.0128e+84
   3.6765e+87   3.6589e+87

   3.2473e+87   3.2740e+87
  -2.5747e+86  -2.6591e+86
   8.2963e+87   8.2565e+87

   7.1213e+87   7.1802e+87
  -1.1729e+87  -1.1983e+87
   1.8721e+88   1.8631e+88

   1.5446e+88   1.5573e+88
  -3.9245e+87  -3.9957e+87
   4.2243e+88   4.2041e+88

   3.3107e+88   3.3379e+88
  -1.1566e+88  -1.1757e+88
   9.5320e+88   9.4862e+88

   7.0045e+88   7.0617e+88
  -3.1734e+88  -3.2226e+88
   2.1508e+89   2.1405e+89

   1.4605e+89   1.4723e+89
  -8.3045e+88  -8.4287e+88
   4.8529e+89   4.8296e+89

   2.9949e+89   3.0186e+89
  -2.0992e+89  -2.1299e+89
   1.0950e+90   1.0897e+90

   6.0206e+89   6.0667e+89
  -5.1635e+89  -5.2378e+89
   2.4705e+90   2.4587e+90

   1.1812e+90   1.1898e+90
  -1.2414e+90  -1.2591e+90
   5.5741e+90   5.5473e+90

   2.2458e+90   2.2611e+90
  -2.9253e+90  -2.9670e+90
   1.2576e+91   1.2516e+91

   4.0908e+90   4.1151e+90
  -6.7678e+90  -6.8644e+90
   2.8373e+91   2.8237e+91

   6.9887e+90   7.0203e+90
  -1.5385e+91  -1.5606e+91
   6.4012e+91   6.3704e+91

   1.0697e+91   1.0715e+91
  -3.4371e+91  -3.4871e+91
   1.4441e+92   1.4372e+92

   1.2823e+91   1.2744e+91
  -7.5421e+91  -7.6536e+91
   3.2580e+92   3.2423e+92

   4.0684e+90   3.6238e+90
  -1.6235e+92  -1.6480e+92
   7.3499e+92   7.3144e+92

  -4.4617e+91  -4.6204e+91
  -3.4203e+92  -3.4736e+92
   1.6581e+93   1.6501e+93

  -2.1507e+92  -2.1991e+92
  -7.0269e+92  -7.1410e+92
   3.7404e+93   3.7223e+93

  -7.2384e+92  -7.3743e+92
  -1.3995e+93  -1.4235e+93
   8.4376e+93   8.3969e+93

  -2.1193e+93  -2.1555e+93
  -2.6756e+93  -2.7251e+93
   1.9034e+94   1.8942e+94

  -5.7443e+93  -5.8371e+93
  -4.8220e+93  -4.9218e+93
   4.2935e+94   4.2727e+94

  -1.4796e+94  -1.5027e+94
  -7.8898e+93  -8.0851e+93
   9.6848e+94   9.6380e+94

  -3.6699e+94  -3.7262e+94
  -1.0586e+94  -1.0953e+94
   2.1846e+95   2.1740e+95

  -8.8301e+94  -8.9645e+94
  -6.7713e+93  -7.4249e+93
   4.9275e+95   4.9037e+95

  -2.0695e+95  -2.1010e+95
   2.4671e+94   2.3612e+94
   1.1114e+96   1.1061e+96

  -4.7345e+95  -4.8070e+95
   1.4754e+95   1.4612e+95
   2.5069e+96   2.4948e+96

  -1.0579e+96  -1.0743e+96
   5.4115e+95   5.4015e+95
   5.6543e+96   5.6269e+96

  -2.3071e+96  -2.3438e+96
   1.6863e+96   1.6890e+96
   1.2753e+97   1.2691e+97

  -4.8992e+96  -4.9798e+96
   4.8288e+96   4.8461e+96
   2.8763e+97   2.8624e+97

  -1.0087e+97  -1.0260e+97
   1.3114e+97   1.3177e+97
   6.4872e+97   6.4558e+97

  -1.9979e+97  -2.0346e+97
   3.4314e+97   3.4509e+97
   1.4631e+98   1.4560e+98

  -3.7541e+97  -3.8298e+97
   8.7286e+97   8.7840e+97
   3.2997e+98   3.2837e+98

  -6.5058e+97  -6.6578e+97
   2.1707e+98   2.1855e+98
   7.4417e+98   7.4056e+98

  -9.7112e+97  -1.0006e+98
   5.2967e+98   5.3348e+98
   1.6783e+99   1.6701e+99

  -9.6472e+97  -1.0189e+98
   1.2713e+99   1.2808e+99
   3.7848e+99   3.7664e+99

   7.9038e+97   6.9814e+97
   3.0062e+99   3.0294e+99
   8.5352e+99   8.4937e+99

   8.8356e+98   8.6998e+98
   7.0118e+99   7.0675e+99
  1.9248e+100  1.9154e+100

   3.6431e+99   3.6295e+99
  1.6143e+100  1.6274e+100
  4.3405e+100  4.3194e+100

  1.2020e+100  1.2029e+100
  3.6700e+100  3.7002e+100
  9.7879e+100  9.7403e+100

  3.5750e+100  3.5863e+100
  8.2389e+100  8.3074e+100
  2.2072e+101  2.1964e+101

  9.9974e+100  1.0043e+101
  1.8260e+101  1.8413e+101
  4.9770e+101  4.9528e+101

  2.6815e+101  2.6965e+101
  3.9932e+101  4.0268e+101
  1.1223e+102  1.1168e+102

  6.9741e+101  7.0182e+101
  8.6081e+101  8.6808e+101
  2.5306e+102  2.5183e+102

  1.7707e+102  1.7828e+102
  1.8266e+102  1.8420e+102
  5.7061e+102  5.6783e+102

  4.4076e+102  4.4396e+102
  3.8075e+102  3.8393e+102
  1.2866e+103  1.2803e+103

  1.0788e+103  1.0870e+103
  7.7715e+102  7.8358e+102
  2.9010e+103  2.8868e+103

  2.6018e+103  2.6223e+103
  1.5461e+103  1.5586e+103
  6.5409e+103  6.5090e+103

  6.1919e+103  6.2420e+103
  2.9758e+103  2.9989e+103
  1.4748e+104  1.4676e+104

  1.4556e+104  1.4676e+104
  5.4725e+103  5.5124e+103
  3.3251e+104  3.3088e+104

  3.3823e+104  3.4108e+104
  9.3925e+103  9.4527e+103
  7.4968e+104  7.4602e+104

  7.7723e+104  7.8388e+104
  1.4271e+104  1.4336e+104
  1.6902e+105  1.6819e+105

  1.7667e+105  1.7820e+105
  1.6233e+104  1.6214e+104
  3.8106e+105  3.7920e+105

  3.9724e+105  4.0072e+105
  3.1345e+102 -1.0897e+102
  8.5911e+105  8.5491e+105

  8.8339e+105  8.9118e+105
 -8.0696e+104 -8.2511e+104
  1.9368e+106  1.9274e+106

  1.9422e+106  1.9594e+106
 -3.6190e+105 -3.6792e+105
  4.3665e+106  4.3451e+106

  4.2189e+106  4.2564e+106
 -1.2077e+106 -1.2256e+106
  9.8437e+106  9.7955e+106

  9.0461e+106  9.1267e+106
 -3.5617e+106 -3.6111e+106
  2.2191e+107  2.2083e+107

  1.9121e+107  1.9291e+107
 -9.7929e+106 -9.9239e+106
  5.0026e+107  4.9781e+107

  3.9766e+107  4.0118e+107
 -2.5703e+107 -2.6039e+107
  1.1277e+108  1.1222e+108

  8.1155e+107  8.1867e+107
 -6.5204e+107 -6.6046e+107
  2.5422e+108  2.5298e+108

  1.6189e+108  1.6329e+108
 -1.6105e+108 -1.6311e+108
  5.7307e+108  5.7026e+108

  3.1376e+108  3.1640e+108
 -3.8900e+108 -3.9398e+108
  1.2918e+109  1.2855e+109

  5.8515e+108  5.8988e+108
 -9.2154e+108 -9.3334e+108
  2.9119e+109  2.8976e+109

  1.0322e+109  1.0400e+109
 -2.1449e+109 -2.1725e+109
  6.5638e+109  6.5316e+109

  1.6634e+109  1.6740e+109
 -4.9098e+109 -4.9733e+109
  1.4795e+110  1.4723e+110

  2.2371e+109  2.2450e+109
 -1.1057e+110 -1.1202e+110
  3.3349e+110  3.3186e+110

  1.6432e+109  1.6250e+109
 -2.4493e+110 -2.4817e+110
  7.5170e+110  7.4801e+110

 -3.8266e+109 -3.9481e+109
 -5.3324e+110 -5.4043e+110
  1.6943e+111  1.6860e+111

 -2.5055e+110 -2.5507e+110
 -1.1393e+111 -1.1549e+111
  3.8189e+111  3.8001e+111

 -9.1734e+110 -9.3140e+110
 -2.3826e+111 -2.4163e+111
  8.6074e+111  8.5651e+111

 -2.8107e+111 -2.8507e+111
 -4.8584e+111 -4.9298e+111
  1.9400e+112  1.9305e+112

 -7.8681e+111 -7.9755e+111
 -9.5988e+111 -9.7470e+111
  4.3725e+112  4.3510e+112

 -2.0816e+112 -2.1094e+112
 -1.8181e+112 -1.8482e+112
  9.8547e+112  9.8062e+112

 -5.2916e+112 -5.3612e+112
 -3.2377e+112 -3.2970e+112
  2.2210e+113  2.2101e+113

 -1.3043e+113 -1.3214e+113
 -5.2011e+112 -5.3137e+112
  5.0056e+113  4.9810e+113

 -3.1340e+113 -3.1750e+113
 -6.7059e+112 -6.9088e+112
  1.1281e+114  1.1226e+114

 -7.3647e+113 -7.4614e+113
 -3.3064e+112 -3.6422e+112
  2.5424e+114  2.5299e+114

 -1.6956e+114 -1.7181e+114
  1.9918e+113  1.9446e+113
  5.7297e+114  5.7015e+114

 -3.8279e+114 -3.8791e+114
  1.0742e+114  1.0701e+114
  1.2913e+115  1.2849e+115

 -8.4719e+114 -8.5869e+114
  3.8288e+114  3.8346e+114
  2.9099e+115  2.8956e+115

 -1.8362e+115 -1.8617e+115
  1.1753e+115  1.1800e+115
  6.5577e+115  6.5253e+115

 -3.8892e+115 -3.9446e+115
  3.3318e+115  3.3498e+115
  1.4778e+116  1.4705e+116

 -8.0192e+115 -8.1376e+115
  8.9773e+115  9.0340e+115
  3.3301e+116  3.3137e+116

 -1.5996e+116 -1.6244e+116
  2.3333e+116  2.3495e+116
  7.5043e+116  7.4672e+116

 -3.0538e+116 -3.1046e+116
  5.8995e+116  5.9434e+116
  1.6910e+117  1.6827e+117

 -5.4681e+116 -5.5688e+116
  1.4588e+117  1.4702e+117
  3.8105e+117  3.7917e+117

 -8.7907e+116 -8.9828e+116
  3.5400e+117  3.5687e+117
  8.5864e+117  8.5440e+117

 -1.1178e+117 -1.1524e+117
  8.4497e+117  8.5201e+117
  1.9348e+118  1.9252e+118

 -4.4844e+116 -5.0558e+116
  1.9869e+118  2.0039e+118
  4.3597e+118  4.3381e+118

  3.8730e+117  3.7944e+117
  4.6076e+118  4.6477e+118
  9.8234e+118  9.7748e+118

  2.0070e+118  2.0011e+118
  1.0543e+119  1.0636e+119
  2.2134e+119  2.2025e+119

  7.1185e+118  7.1324e+118
  2.3811e+119  2.4024e+119
  4.9873e+119  4.9626e+119

  2.1897e+119  2.1990e+119
  5.3070e+119  5.3550e+119
  1.1237e+120  1.1181e+120

  6.2362e+119  6.2712e+119
  1.1668e+120  1.1774e+120
  2.5319e+120  2.5193e+120

  1.6904e+120  1.7014e+120
  2.5285e+120  2.5516e+120
  5.7045e+120  5.6763e+120

  4.4234e+120  4.4549e+120
  5.3934e+120  5.4430e+120
  1.2853e+121  1.2789e+121

  1.1268e+121  1.1353e+121
  1.1302e+121  1.1406e+121
  2.8958e+121  2.8814e+121

  2.8086e+121  2.8309e+121
  2.3199e+121  2.3413e+121
  6.5241e+121  6.4918e+121

  6.8740e+121  6.9306e+121
  4.6439e+121  4.6865e+121
  1.4699e+122  1.4626e+122

  1.6559e+122  1.6699e+122
  9.0029e+121  9.0845e+121
  3.3115e+122  3.2951e+122

  3.9322e+122  3.9663e+122
  1.6707e+122  1.6856e+122
  7.4606e+122  7.4236e+122

  9.2162e+122  9.2976e+122
  2.9047e+122  2.9295e+122
  1.6808e+123  1.6724e+123

  2.1335e+123  2.1526e+123
  4.5133e+122  4.5485e+122
  3.7865e+123  3.7677e+123

  4.8802e+123  4.9245e+123
  5.4429e+122  5.4733e+122
  8.5304e+123  8.4880e+123

  1.1032e+124  1.1134e+124
  1.4279e+122  1.3834e+122
  1.9217e+124  1.9122e+124

  2.4647e+124  2.4876e+124
 -2.1270e+123 -2.1629e+123
  4.3291e+124  4.3076e+124

  5.4398e+124  5.4907e+124
 -1.0247e+124 -1.0386e+124
  9.7524e+124  9.7039e+124

  1.1854e+125  1.1965e+125
 -3.5056e+124 -3.5498e+124
  2.1969e+125  2.1860e+125

  2.5477e+125  2.5718e+125
 -1.0483e+125 -1.0611e+125
  4.9489e+125  4.9243e+125

  5.3936e+125  5.4448e+125
 -2.9104e+125 -2.9453e+125
  1.1148e+126  1.1093e+126

  1.1224e+126  1.1331e+126
 -7.6980e+125 -7.7895e+125
  2.5112e+126  2.4987e+126

  2.2892e+126  2.3109e+126
 -1.9660e+126 -1.9893e+126
  5.6567e+126  5.6286e+126

  4.5558e+126  4.5990e+126
 -4.8860e+126 -4.9438e+126
  1.2742e+127  1.2679e+127

  8.7869e+126  8.8695e+126
 -1.1873e+127 -1.2014e+127
  2.8702e+127  2.8559e+127

  1.6239e+127  1.6390e+127
 -2.8297e+127 -2.8634e+127
  6.4650e+127  6.4328e+127

  2.8165e+127  2.8417e+127
 -6.6273e+127 -6.7066e+127
  1.4562e+128  1.4489e+128

  4.3824e+127  4.4191e+127
 -1.5271e+128 -1.5455e+128
  3.2800e+128  3.2636e+128

  5.3653e+127  5.4009e+127
 -3.4638e+128 -3.5059e+128
  7.3879e+128  7.3510e+128

  1.8824e+127  1.8550e+127
 -7.7346e+128 -7.8298e+128
  1.6640e+129  1.6557e+129

 -1.8531e+128 -1.8836e+128
 -1.6994e+129 -1.7207e+129
  3.7479e+129  3.7292e+129

 -9.1814e+128 -9.3040e+128
 -3.6702e+129 -3.7168e+129
  8.4415e+129  8.3993e+129

 -3.1519e+129 -3.1913e+129
 -7.7768e+129 -7.8776e+129
  1.9013e+130  1.8918e+130

 -9.4051e+129 -9.5195e+129
 -1.6121e+130 -1.6336e+130
  4.2821e+130  4.2607e+130

 -2.5994e+130 -2.6305e+130
 -3.2548e+130 -3.2997e+130
  9.6442e+130  9.5960e+130

 -6.8350e+130 -6.9164e+130
 -6.3545e+130 -6.4462e+130
  2.1721e+131  2.1612e+131

 -1.7336e+131 -1.7542e+131
 -1.1851e+131 -1.2033e+131
  4.8918e+131  4.8674e+131

 -4.2746e+131 -4.3255e+131
 -2.0629e+131 -2.0980e+131
  1.1017e+132  1.0962e+132

 -1.0296e+132 -1.0419e+132
 -3.1823e+131 -3.2466e+131
  2.4811e+132  2.4687e+132

 -2.4297e+132 -2.4589e+132
 -3.6932e+131 -3.8026e+131
  5.5877e+132  5.5598e+132

 -5.6274e+132 -5.6956e+132
 -2.0272e+130 -3.6551e+130
  1.2584e+133  1.2521e+133

 -1.2804e+133 -1.2960e+133
  1.8219e+132  1.8048e+132
  2.8339e+133  2.8197e+133

 -2.8621e+133 -2.8976e+133
  8.3397e+132  8.3458e+132
  6.3819e+133  6.3499e+133

 -6.2829e+133 -6.3620e+133
  2.8255e+133  2.8369e+133
  1.4372e+134  1.4300e+134

 -1.3527e+134 -1.3700e+134
  8.4501e+133  8.4985e+133
  3.2364e+134  3.2202e+134

 -2.8496e+134 -2.8871e+134
  2.3557e+134  2.3715e+134
  7.2881e+134  7.2516e+134

 -5.8523e+134 -5.9317e+134
  6.2701e+134  6.3165e+134
  1.6412e+135  1.6330e+135

 -1.1647e+135 -1.1811e+135
  1.6138e+135  1.6266e+135
  3.6957e+135  3.6772e+135

 -2.2233e+135 -2.2566e+135
  4.0469e+135  4.0802e+135
  8.3220e+135  8.2803e+135

 -3.9960e+135 -4.0611e+135
  9.9334e+135  1.0018e+136
  1.8739e+136  1.8645e+136

 -6.5027e+135 -6.6246e+135
  2.3940e+136  2.4150e+136
  4.2196e+136  4.1985e+136

 -8.6014e+135 -8.8152e+135
  5.6770e+136  5.7278e+136
  9.5015e+136  9.4538e+136

 -4.9999e+135 -5.3351e+135
  1.3263e+137  1.3384e+137
  2.1395e+137  2.1287e+137

  2.2372e+136  2.1964e+136
  3.0557e+137  3.0840e+137
  4.8173e+137  4.7932e+137

  1.2792e+137  1.2781e+137
  6.9450e+137  7.0101e+137
  1.0847e+138  1.0792e+138

  4.6428e+137  4.6589e+137
  1.5573e+138  1.5721e+138
  2.4423e+138  2.4300e+138

  1.4402e+138  1.4480e+138
  3.4442e+138  3.4771e+138
  5.4991e+138  5.4714e+138

  4.1143e+138  4.1414e+138
  7.5078e+138  7.5803e+138
  1.2382e+139  1.2319e+139

  1.1158e+139  1.1240e+139
  1.6112e+139  1.6269e+139
  2.7877e+139  2.7737e+139

  2.9171e+139  2.9400e+139
  3.3983e+139  3.4316e+139
  6.2766e+139  6.2450e+139

  7.4169e+139  7.4778e+139
  7.0253e+139  7.0945e+139
  1.4132e+140  1.4060e+140

  1.8440e+140  1.8597e+140
  1.4179e+140  1.4319e+140
  3.1817e+140  3.1656e+140

  4.4991e+140  4.5385e+140
  2.7765e+140  2.8041e+140
  7.1632e+140  7.1272e+140

  1.0799e+141  1.0895e+141
  5.2216e+140  5.2735e+140
  1.6127e+141  1.6046e+141

  2.5540e+141  2.5773e+141
  9.2579e+140  9.3498e+140
  3.6308e+141  3.6125e+141

  5.9586e+141  6.0139e+141
  1.4890e+141  1.5036e+141
  8.1742e+141  8.1330e+141

  1.3723e+142  1.3852e+142
  1.9561e+141  1.9748e+141
  1.8403e+142  1.8310e+142

  3.1212e+142  3.1509e+142
  1.1790e+141  1.1874e+141
  4.1429e+142  4.1221e+142

  7.0109e+142  7.0783e+142
 -4.6881e+141 -4.7463e+141
  9.3268e+142  9.2798e+142

  1.5549e+143  1.5700e+143
 -2.7033e+142 -2.7339e+142
  2.0997e+143  2.0891e+143

  3.4031e+143  3.4364e+143
 -9.7303e+142 -9.8384e+142
  4.7268e+143  4.7029e+143

  7.3437e+143  7.4161e+143
 -2.9843e+143 -3.0172e+143
  1.0641e+144  1.0587e+144

  1.5603e+144  1.5758e+144
 -8.4184e+143 -8.5114e+143
  2.3954e+144  2.3833e+144

  3.2574e+144  3.2900e+144
 -2.2526e+144 -2.2775e+144
  5.3923e+144  5.3651e+144

  6.6625e+144  6.7294e+144
 -5.8062e+144 -5.8707e+144
  1.2139e+145  1.2077e+145

  1.3291e+145  1.3425e+145
 -1.4544e+145 -1.4706e+145
  2.7324e+145  2.7186e+145

  2.5678e+145  2.5939e+145
 -3.5593e+145 -3.5992e+145
  6.1508e+145  6.1197e+145

  4.7492e+145  4.7975e+145
 -8.5395e+145 -8.6359e+145
  1.3846e+146  1.3776e+146

  8.2279e+145  8.3116e+145
 -2.0130e+146 -2.0359e+146
  3.1166e+146  3.1008e+146

  1.2735e+146  1.2864e+146
 -4.6690e+146 -4.7226e+146
  7.0153e+146  6.9798e+146

  1.5274e+146  1.5425e+146
 -1.0663e+147 -1.0787e+147
  1.5791e+147  1.5711e+147

  3.8360e+145  3.8567e+145
 -2.3985e+147 -2.4265e+147
  3.5543e+147  3.5364e+147

 -6.0041e+146 -6.0724e+146
 -5.3123e+147 -5.3752e+147
  8.0004e+147  7.9599e+147

 -2.8732e+147 -2.9049e+147
 -1.1577e+148 -1.1716e+148
  1.8007e+148  1.7916e+148

 -9.7882e+147 -9.8957e+147
 -2.4792e+148 -2.5094e+148
  4.0531e+148  4.0326e+148

 -2.9161e+148 -2.9481e+148
 -5.2052e+148 -5.2702e+148
  9.1227e+148  9.0766e+148

 -8.0661e+148 -8.1550e+148
 -1.0680e+149 -1.0816e+149
  2.0533e+149  2.0429e+149

 -2.1255e+149 -2.1491e+149
 -2.1299e+149 -2.1581e+149
  4.6214e+149  4.5980e+149

 -5.4075e+149 -5.4677e+149
 -4.0940e+149 -4.1507e+149
  1.0401e+150  1.0349e+150

 -1.3384e+150 -1.3534e+150
 -7.4708e+149 -7.5814e+149
  2.3410e+150  2.3292e+150

 -3.2382e+150 -3.2747e+150
 -1.2564e+150 -1.2770e+150
  5.2688e+150  5.2421e+150

 -7.6812e+150 -7.7684e+150
 -1.8101e+150 -1.8462e+150
  1.1858e+151  1.1798e+151

 -1.7897e+151 -1.8102e+151
 -1.6781e+150 -1.7348e+150
  2.6688e+151  2.6552e+151

 -4.1000e+151 -4.1475e+151
  1.7785e+150  1.7084e+150
  6.0063e+151  5.9758e+151

 -9.2396e+151 -9.3478e+151
  1.6697e+151  1.6672e+151
  1.3517e+152  1.3449e+152

 -2.0478e+152 -2.0721e+152
  6.6172e+151  6.6420e+151
  3.0421e+152  3.0266e+152

 -4.4601e+152 -4.5138e+152
  2.1240e+152  2.1364e+152
  6.8462e+152  6.8114e+152

 -9.5315e+152 -9.6484e+152
  6.1683e+152  6.2112e+152
  1.5407e+153  1.5329e+153

 -1.9936e+153 -2.0186e+153
  1.6868e+153  1.6997e+153
  3.4672e+153  3.4496e+153

 -4.0651e+153 -4.1175e+153
  4.4270e+153  4.4632e+153
  7.8027e+153  7.7630e+153

 -8.0290e+153 -8.1366e+153
  1.1268e+154  1.1365e+154
  1.7559e+154  1.7470e+154

 -1.5197e+154 -1.5412e+154
  2.7993e+154  2.8240e+154
  3.9514e+154  3.9313e+154

 -2.7025e+154 -2.7438e+154
  6.8146e+154  6.8763e+154
  8.8918e+154  8.8466e+154

 -4.3280e+154 -4.4034e+154
  1.6300e+155  1.6451e+155
  2.0009e+155  1.9907e+155

 -5.5326e+154 -5.6597e+154
  3.8378e+155  3.8738e+155
  4.5026e+155  4.4797e+155

 -2.5254e+154 -2.7099e+154
  8.9040e+155  8.9890e+155
  1.0132e+156  1.0080e+156

  1.7373e+155  1.7197e+155
  2.0371e+156  2.0568e+156
  2.2799e+156  2.2683e+156

  9.1876e+155  9.2033e+155
  4.5968e+156  4.6417e+156
  5.1302e+156  5.1041e+156

  3.2585e+156  3.2747e+156
  1.0230e+157  1.0331e+157
  1.1544e+157  1.1485e+157

  9.9816e+156  1.0046e+157
  2.2441e+157  2.2665e+157
  2.5975e+157  2.5843e+157

  2.8265e+157  2.8473e+157
  4.8477e+157  4.8965e+157
  5.8446e+157  5.8149e+157

  7.6115e+157  7.6721e+157
  1.0297e+158  1.0401e+158
  1.3151e+158  1.3084e+158

  1.9777e+158  1.9943e+158
  2.1455e+158  2.1675e+158
  2.9590e+158  2.9439e+158

  5.0001e+158  5.0436e+158
  4.3702e+158  4.4155e+158
  6.6578e+158  6.6239e+158

  1.2364e+159  1.2475e+159
  8.6554e+158  8.7461e+158
  1.4980e+159  1.4904e+159

  3.0008e+159  3.0283e+159
  1.6524e+159  1.6699e+159
  3.3705e+159  3.3533e+159

  7.1642e+159  7.2311e+159
  2.9946e+159  3.0268e+159
  7.5834e+159  7.5447e+159

  1.6851e+160  1.7011e+160
  4.9988e+159  5.0537e+159
  1.7062e+160  1.6975e+160

  3.9092e+160  3.9468e+160
  7.1364e+159  7.2180e+159
  3.8387e+160  3.8191e+160

  8.9491e+160  9.0363e+160
  6.4889e+159  6.5736e+159
  8.6366e+160  8.5925e+160

  2.0222e+161  2.0421e+161
 -7.3433e+159 -7.3822e+159
  1.9431e+161  1.9332e+161

  4.5098e+161  4.5547e+161
 -6.6128e+160 -6.6740e+160
  4.3716e+161  4.3492e+161

  9.9227e+161  1.0022e+162
 -2.5931e+161 -2.6187e+161
  9.8351e+161  9.7848e+161

  2.1522e+162  2.1740e+162
 -8.2607e+161 -8.3445e+161
  2.2127e+162  2.2013e+162

  4.5958e+162  4.6428e+162
 -2.3828e+162 -2.4074e+162
  4.9779e+162  4.9524e+162

  9.6437e+162  9.7432e+162
 -6.4736e+162 -6.5413e+162
  1.1199e+163  1.1141e+163

  1.9829e+163  2.0036e+163
 -1.6880e+163 -1.7058e+163
  2.5193e+163  2.5064e+163

  3.9784e+163  4.0203e+163
 -4.2681e+163 -4.3137e+163
  5.6676e+163  5.6386e+163

  7.7369e+163  7.8193e+163
 -1.0530e+164 -1.0644e+164
  1.2750e+164  1.2685e+164

  1.4424e+164  1.4580e+164
 -2.5450e+164 -2.5726e+164
  2.8682e+164  2.8535e+164

  2.5266e+164  2.5545e+164
 -6.0406e+164 -6.1068e+164
  6.4522e+164  6.4192e+164

  3.9824e+164  4.0276e+164
 -1.4104e+165 -1.4260e+165
  1.4514e+165  1.4440e+165

  4.9908e+164  5.0515e+164
 -3.2428e+165 -3.2790e+165
  3.2650e+165  3.2483e+165

  2.1100e+164  2.1514e+164
 -7.3447e+165 -7.4276e+165
  7.3446e+165  7.3070e+165

 -1.5902e+165 -1.6027e+165
 -1.6388e+166 -1.6575e+166
  1.6521e+166  1.6437e+166

 -8.1867e+165 -8.2640e+165
 -3.6003e+166 -3.6419e+166
  3.7164e+166  3.6973e+166

 -2.8554e+166 -2.8838e+166
 -7.7802e+166 -7.8715e+166
  8.3596e+166  8.3167e+166

 -8.6182e+166 -8.7059e+166
 -1.6510e+167 -1.6707e+167
  1.8804e+167  1.8707e+167

 -2.4057e+167 -2.4306e+167
 -3.4315e+167 -3.4733e+167
  4.2296e+167  4.2079e+167

 -6.3858e+167 -6.4528e+167
 -6.9570e+167 -7.0439e+167
  9.5137e+167  9.4649e+167

 -1.6351e+168 -1.6524e+168
 -1.3671e+168 -1.3848e+168
  2.1399e+168  2.1289e+168

 -4.0713e+168 -4.1149e+168
 -2.5763e+168 -2.6112e+168
  4.8132e+168  4.7885e+168

 -9.9080e+168 -1.0015e+169
 -4.5662e+168 -4.6326e+168
  1.0826e+169  1.0770e+169

 -2.3642e+169 -2.3900e+169
 -7.3030e+168 -7.4225e+168
  2.4350e+169  2.4225e+169

 -5.5425e+169 -5.6037e+169
 -9.3817e+168 -9.5786e+168
  5.4768e+169  5.4486e+169

 -1.2782e+170 -1.2924e+170
 -4.6421e+168 -4.9154e+168
  1.2318e+170  1.2255e+170

 -2.9013e+170 -2.9339e+170
  2.7447e+169  2.7228e+169
  2.7705e+170  2.7562e+170

 -6.4823e+170 -6.5562e+170
  1.4770e+170  1.4811e+170
  6.2311e+170  6.1990e+170

 -1.4250e+171 -1.4415e+171
  5.2447e+170  5.2745e+170
  1.4014e+171  1.3942e+171

 -3.0789e+171 -3.1150e+171
  1.6033e+171  1.6146e+171
  3.1518e+171  3.1356e+171

 -6.5262e+171 -6.6041e+171
  4.5253e+171  4.5607e+171
  7.0885e+171  7.0521e+171

 -1.3532e+172 -1.3698e+172
  1.2138e+172  1.2240e+172
  1.5942e+172  1.5860e+172

 -2.7328e+172 -2.7670e+172
  3.1402e+172  3.1675e+172
  3.5853e+172  3.5668e+172

 -5.3358e+172 -5.4053e+172
  7.9012e+172  7.9723e+172
  8.0631e+172  8.0216e+172

 -9.9504e+172 -1.0087e+173
  1.9438e+173  1.9618e+173
  1.8133e+173  1.8040e+173

 -1.7314e+173 -1.7571e+173
  4.6915e+173  4.7358e+173
  4.0779e+173  4.0569e+173

 -2.6680e+173 -2.7134e+173
  1.1134e+174  1.1241e+174
  9.1706e+173  9.1233e+173

 -3.0840e+173 -3.1564e+173
  2.6020e+174  2.6273e+174
  2.0623e+174  2.0517e+174

 -1.0931e+172 -2.0182e+172
  5.9932e+174  6.0523e+174
  4.6377e+174  4.6138e+174

  1.5497e+174  1.5453e+174
  1.3612e+175  1.3748e+175
  1.0429e+175  1.0375e+175

  7.0635e+174  7.0912e+174
  3.0488e+175  3.0795e+175
  2.3452e+175  2.3331e+175

  2.3903e+175  2.4050e+175
  6.7314e+175  6.8001e+175
  5.2737e+175  5.2465e+175

  7.1455e+175  7.1978e+175
  1.4640e+176  1.4791e+176
  1.1859e+176  1.1798e+176

  1.9917e+176  2.0077e+176
  3.1325e+176  3.1651e+176
  2.6667e+176  2.6529e+176

  5.3016e+176  5.3466e+176
  6.5805e+176  6.6498e+176
  5.9964e+176  5.9654e+176

  1.3648e+177  1.3768e+177
  1.3532e+177  1.3676e+177
  1.3483e+177  1.3414e+177

  3.4230e+177  3.4541e+177
  2.7115e+177  2.7408e+177
  3.0318e+177  3.0162e+177

  8.4041e+177  8.4823e+177
  5.2558e+177  5.3135e+177
  6.8172e+177  6.7820e+177

  2.0261e+178  2.0453e+178
  9.7340e+177  9.8431e+177
  1.5329e+178  1.5249e+178

  4.8061e+178  4.8525e+178
  1.6829e+178  1.7024e+178
  3.4466e+178  3.4288e+178

  1.1233e+179  1.1343e+179
  2.5784e+178  2.6099e+178
  7.7496e+178  7.7095e+178

  2.5892e+179  2.6148e+179
  2.9692e+178  3.0111e+178
  1.7424e+179  1.7334e+179

  5.8877e+179  5.9466e+179
  1.4151e+177  1.6764e+177
  3.9177e+179  3.8974e+179

  1.3210e+180  1.3344e+180
 -1.4563e+179 -1.4661e+179
  8.8085e+179  8.7628e+179

  2.9235e+180  2.9534e+180
 -6.6148e+179 -6.6723e+179
  1.9804e+180  1.9702e+180

  6.3779e+180  6.4438e+180
 -2.2262e+180 -2.2471e+180
  4.4527e+180  4.4296e+180

  1.3701e+181  1.3844e+181
 -6.6151e+180 -6.6796e+180
  1.0011e+181  9.9590e+180

  2.8930e+181  2.9235e+181
 -1.8322e+181 -1.8505e+181
  2.2507e+181  2.2390e+181

  5.9893e+181  6.0532e+181
 -4.8446e+181 -4.8938e+181
  5.0601e+181  5.0339e+181

  1.2111e+182  1.2242e+182
 -1.2384e+182 -1.2512e+182
  1.1376e+182  1.1317e+182

  2.3776e+182  2.4037e+182
 -3.0834e+182 -3.1156e+182
  2.5576e+182  2.5443e+182

  4.4876e+182  4.5378e+182
 -7.5118e+182 -7.5911e+182
  5.7498e+182  5.7199e+182

  8.0023e+182  8.0943e+182
 -1.7960e+183 -1.8151e+183
  1.2926e+183  1.2859e+183

  1.3005e+183  1.3162e+183
 -4.2224e+183 -4.2679e+183
  2.9059e+183  2.8908e+183

  1.7521e+183  1.7752e+183
 -9.7731e+183 -9.8795e+183
  6.5327e+183  6.4987e+183

  1.2268e+183  1.2506e+183
 -2.2285e+184 -2.2530e+184
  1.4686e+184  1.4609e+184

 -3.4297e+183 -3.4413e+183
 -5.0072e+184 -5.0629e+184
  3.3013e+184  3.2842e+184

 -2.1625e+184 -2.1799e+184
 -1.1083e+185 -1.1208e+185
  7.4213e+184  7.3827e+184

 -7.9455e+184 -8.0177e+184
 -2.4148e+185 -2.4423e+185
  1.6683e+185  1.6596e+185

 -2.4593e+185 -2.4829e+185
 -5.1724e+185 -5.2322e+185
  3.7501e+185  3.7306e+185

 -6.9739e+185 -7.0428e+185
 -1.0869e+186 -1.0997e+186
  8.4299e+185  8.3860e+185

 -1.8724e+186 -1.8913e+186
 -2.2335e+186 -2.2604e+186
  1.8949e+186  1.8851e+186

 -4.8379e+186 -4.8875e+186
 -4.4663e+186 -4.5214e+186
  4.2594e+186  4.2373e+186

 -1.2140e+187 -1.2266e+187
 -8.6218e+186 -8.7321e+186
  9.5744e+186  9.5245e+186

 -2.9752e+187 -3.0065e+187
 -1.5848e+187 -1.6061e+187
  2.1521e+187  2.1409e+187

 -7.1463e+187 -7.2223e+187
 -2.7008e+187 -2.7402e+187
  4.8374e+187  4.8122e+187

 -1.6862e+188 -1.7043e+188
 -4.0083e+187 -4.0759e+187
  1.0873e+188  1.0816e+188

 -3.9142e+188 -3.9567e+188
 -4.1522e+187 -4.2544e+187
  2.4439e+188  2.4312e+188

 -8.9455e+188 -9.0437e+188
  1.9324e+187  1.8194e+187
  5.4930e+188  5.4644e+188

 -2.0134e+189 -2.0357e+189
  3.0092e+188  3.0108e+188
  1.2346e+189  1.2282e+189

 -4.4619e+189 -4.5121e+189
  1.2565e+189  1.2630e+189
  2.7749e+189  2.7605e+189

 -9.7290e+189 -9.8398e+189
  4.1123e+189  4.1407e+189
  6.2369e+189  6.2043e+189

 -2.0844e+190 -2.1085e+190
  1.2060e+190  1.2155e+190
  1.4018e+190  1.3944e+190

 -4.3784e+190 -4.4300e+190
  3.3170e+190  3.3449e+190
  3.1504e+190  3.1340e+190

 -8.9873e+190 -9.0954e+190
  8.7365e+190  8.8135e+190
  7.0805e+190  7.0436e+190

 -1.7932e+191 -1.8154e+191
  2.2288e+191  2.2491e+191
  1.5913e+191  1.5830e+191

 -3.4485e+191 -3.4927e+191
  5.5448e+191  5.5966e+191
  3.5763e+191  3.5577e+191

 -6.2964e+191 -6.3816e+191
  1.3510e+192  1.3638e+192
  8.0374e+191  7.9954e+191

 -1.0596e+192 -1.0752e+192
  3.2326e+192  3.2640e+192
  1.8063e+192  1.7968e+192

 -1.5284e+192 -1.5549e+192
  7.6110e+192  7.6859e+192
  4.0593e+192  4.0381e+192

 -1.4221e+192 -1.4611e+192
  1.7653e+193  1.7829e+193
  9.1225e+192  9.0748e+192

  1.4808e+192  1.4417e+192
  4.0360e+193  4.0767e+193
  2.0501e+193  2.0393e+193

  1.4037e+193  1.4061e+193
  9.0985e+193  9.1914e+193
  4.6070e+193  4.5829e+193

  5.5717e+193  5.6027e+193
  2.0221e+194  2.0430e+194
  1.0353e+194  1.0299e+194

  1.7899e+194  1.8026e+194
  4.4281e+194  4.4743e+194
  2.3264e+194  2.3143e+194

  5.2008e+194  5.2422e+194
  9.5443e+194  9.6451e+194
  5.2278e+194  5.2005e+194

  1.4229e+195  1.4350e+195
  2.0214e+195  2.0430e+195
  1.1748e+195  1.1686e+195

  3.7360e+195  3.7692e+195
  4.1962e+195  4.2416e+195
  2.6398e+195  2.6259e+195

  9.5133e+195  9.6004e+195
  8.5048e+195  8.5981e+195
  5.9317e+195  5.9006e+195

  2.3643e+196  2.3865e+196
  1.6728e+196  1.6915e+196
  1.3329e+196  1.3259e+196

  5.7579e+196  5.8130e+196
  3.1616e+196  3.1977e+196
  2.9949e+196  2.9792e+196

  1.3779e+197  1.3913e+197
  5.6398e+196  5.7065e+196
  6.7294e+196  6.6941e+196

  3.2455e+197  3.2775e+197
  9.1505e+196  9.2649e+196
  1.5121e+197  1.5041e+197

  7.5334e+197  7.6087e+197
  1.2233e+197  1.2405e+197
  3.3974e+197  3.3796e+197

  1.7244e+198  1.7418e+198
  8.0968e+196  8.2824e+196
  7.6335e+197  7.5935e+197

  3.8934e+198  3.9332e+198
 -2.6288e+197 -2.6336e+197
  1.7151e+198  1.7061e+198

  8.6700e+198  8.7595e+198
 -1.5965e+198 -1.6082e+198
  3.8535e+198  3.8333e+198

  1.9032e+199  1.9231e+199
 -5.8290e+198 -5.8793e+198
  8.6580e+198  8.6125e+198

  4.1149e+199  4.1583e+199
 -1.8020e+199 -1.8186e+199
  1.9452e+199  1.9350e+199

  8.7490e+199  8.8424e+199
 -5.1126e+199 -5.1616e+199
  4.3703e+199  4.3474e+199

  1.8252e+200  1.8450e+200
 -1.3746e+200 -1.3881e+200
  9.8187e+199  9.7671e+199

  3.7236e+200  3.7645e+200
 -3.5588e+200 -3.5944e+200
  2.2059e+200  2.1943e+200

  7.3900e+200  7.4724e+200
 -8.9517e+200 -9.0428e+200
  4.9558e+200  4.9297e+200

  1.4148e+201  1.4310e+201
 -2.1999e+201 -2.2226e+201
  1.1134e+201  1.1075e+201

  2.5753e+201  2.6055e+201
 -5.3005e+201 -5.3558e+201
  2.5012e+201  2.4880e+201

  4.3313e+201  4.3845e+201
 -1.2551e+202 -1.2683e+202
  5.6190e+201  5.5894e+201

  6.2841e+201  6.3685e+201
 -2.9248e+202 -2.9560e+202
  1.2623e+202  1.2556e+202

  6.0780e+201  6.1848e+201
 -6.7142e+202 -6.7866e+202
  2.8357e+202  2.8207e+202

 -4.8229e+201 -4.7762e+201
 -1.5189e+203 -1.5354e+203
  6.3701e+202  6.3365e+202

 -5.2695e+202 -5.3032e+202
 -3.3858e+203 -3.4231e+203
  1.4310e+203  1.4234e+203

 -2.1185e+203 -2.1361e+203
 -7.4335e+203 -7.5164e+203
  3.2144e+203  3.1975e+203

 -6.8157e+203 -6.8773e+203
 -1.6057e+204 -1.6239e+204
  7.2206e+203  7.1825e+203

 -1.9765e+204 -1.9952e+204
 -3.4071e+204 -3.4463e+204
  1.6219e+204  1.6134e+204

 -5.3880e+204 -5.4405e+204
 -7.0832e+204 -7.1660e+204
  3.6433e+204  3.6241e+204

 -1.4082e+205 -1.4222e+205
 -1.4371e+205 -1.4543e+205
  8.1836e+204  8.1404e+204

 -3.5669e+205 -3.6030e+205
 -2.8280e+205 -2.8628e+205
  1.8382e+205  1.8285e+205

 -8.8121e+205 -8.9027e+205
 -5.3428e+205 -5.4111e+205
  4.1288e+205  4.1070e+205

 -2.1321e+206 -2.1543e+206
 -9.5128e+205 -9.6417e+205
  9.2738e+205  9.2248e+205

 -5.0654e+206 -5.1187e+206
 -1.5356e+206 -1.5585e+206
  2.0830e+206  2.0720e+206

 -1.1837e+207 -1.1963e+207
 -2.0215e+206 -2.0585e+206
  4.6784e+206  4.6537e+206

 -2.7233e+207 -2.7527e+207
 -1.2040e+206 -1.2526e+206
  1.0508e+207  1.0452e+207

 -6.1722e+207 -6.2393e+207
  4.9784e+206  4.9493e+206
  2.3600e+207  2.3475e+207

 -1.3780e+208 -1.3931e+208
  2.8619e+207  2.8738e+207
  5.3005e+207  5.2724e+207

 -3.0290e+208 -3.0628e+208
  1.0329e+208  1.0397e+208
  1.1904e+208  1.1841e+208

 -6.5494e+208 -6.6234e+208
  3.1800e+208  3.2045e+208
  2.6736e+208  2.6594e+208

 -1.3906e+209 -1.4066e+209
  9.0086e+208  9.0842e+208
  6.0044e+208  5.9726e+208

 -2.8919e+209 -2.9257e+209
  2.4216e+209  2.4429e+209
  1.3485e+209  1.3413e+209

 -5.8666e+209 -5.9368e+209
  6.2722e+209  6.3296e+209
  3.0283e+209  3.0123e+209

 -1.1537e+210 -1.1679e+210
  1.5793e+210  1.5941e+210
  6.8009e+209  6.7648e+209

 -2.1761e+210 -2.2039e+210
  3.8863e+210  3.9236e+210
  1.5273e+210  1.5192e+210

 -3.8617e+210 -3.9141e+210
  9.3798e+210  9.4713e+210
  3.4297e+210  3.4115e+210

 -6.1891e+210 -6.2820e+210
  2.2254e+211  2.2475e+211
  7.7019e+210  7.6610e+210

 -7.9898e+210 -8.1383e+210
  5.1983e+211  5.2505e+211
  1.7295e+211  1.7203e+211

 -4.1045e+210 -4.2955e+210
  1.1965e+212  1.2087e+212
  3.8837e+211  3.8631e+211

  2.2707e+211  2.2610e+211
  2.7152e+212  2.7431e+212
  8.7210e+211  8.6747e+211

  1.2358e+212  1.2413e+212
  6.0744e+212  6.1376e+212
  1.9583e+212  1.9479e+212

  4.4023e+212  4.4319e+212
  1.3393e+213  1.3534e+213
  4.3972e+212  4.3739e+212

  1.3480e+213  1.3585e+213
  2.9078e+213  2.9387e+213
  9.8736e+212  9.8211e+212

  3.8086e+213  3.8407e+213
  6.2079e+213  6.2747e+213
  2.2170e+213  2.2052e+213

  1.0224e+214  1.0314e+214
  1.3005e+214  1.3147e+214
  4.9779e+213  4.9514e+213

  2.6466e+214  2.6709e+214
  2.6648e+214  2.6942e+214
  1.1177e+214  1.1117e+214

  6.6631e+214  6.7258e+214
  5.3138e+214  5.3736e+214
  2.5095e+214  2.4961e+214

  1.6401e+215  1.6558e+215
  1.0230e+215  1.0348e+215
  5.6344e+214  5.6044e+214

  3.9605e+215  3.9992e+215
  1.8752e+215  1.8975e+215
  1.2650e+215  1.2583e+215

  9.4036e+215  9.4969e+215
  3.1864e+215  3.2263e+215
  2.8402e+215  2.8250e+215

  2.1987e+216  2.2208e+216
  4.7121e+215  4.7768e+215
  6.3765e+215  6.3425e+215

  5.0670e+216  5.1185e+216
  4.8491e+215  4.9355e+215
  1.4316e+216  1.4239e+216

  1.1515e+217  1.1633e+217
 -2.3590e+215 -2.3028e+215
  3.2139e+216  3.1968e+216

  2.5806e+217  2.6074e+217
 -3.5473e+216 -3.5664e+216
  7.2153e+216  7.1768e+216

  5.7015e+217  5.7614e+217
 -1.4741e+217 -1.4856e+217
  1.6198e+217  1.6112e+217

  1.2410e+218  1.2541e+218
 -4.8092e+217 -4.8511e+217
  3.6363e+217  3.6169e+217

  2.6575e+218  2.6861e+218
 -1.4065e+218 -1.4195e+218
  8.1631e+217  8.1195e+217

  5.5887e+218  5.6495e+218
 -3.8583e+218 -3.8952e+218
  1.8325e+218  1.8227e+218

  1.1508e+219  1.1635e+219
 -1.0136e+219 -1.0235e+219
  4.1136e+218  4.0916e+218

  2.3097e+219  2.3357e+219
 -2.5790e+219 -2.6048e+219
  9.2341e+218  9.1847e+218

  4.4872e+219  4.5388e+219
 -6.3986e+219 -6.4635e+219
  2.0728e+219  2.0617e+219

  8.3383e+219  8.4369e+219
 -1.5545e+220 -1.5705e+220
  4.6528e+219  4.6279e+219

  1.4495e+220  1.4674e+220
 -3.7085e+220 -3.7471e+220
  1.0444e+220  1.0388e+220

  2.2443e+220  2.2743e+220
 -8.7029e+220 -8.7944e+220
  2.3442e+220  2.3317e+220

  2.6643e+220  2.7072e+220
 -2.0113e+221 -2.0327e+221
  5.2618e+220  5.2336e+220

  4.8355e+219  5.2274e+219
 -4.5806e+221 -4.6298e+221
  1.1810e+221  1.1747e+221

 -1.1461e+221 -1.1505e+221
 -1.0281e+222 -1.0393e+222
  2.6508e+221  2.6366e+221

 -5.3955e+221 -5.4353e+221
 -2.2736e+222 -2.2986e+222
  5.9496e+221  5.9177e+221

 -1.8370e+222 -1.8527e+222
 -4.9500e+222 -5.0051e+222
  1.3353e+222  1.3282e+222

 -5.4903e+222 -5.5403e+222
 -1.0596e+223 -1.0716e+223
  2.9970e+222  2.9809e+222

 -1.5260e+223 -1.5404e+223
 -2.2257e+223 -2.2512e+223
  6.7262e+222  6.6900e+222

 -4.0446e+223 -4.0839e+223
 -4.5725e+223 -4.6260e+223
  1.5095e+223  1.5014e+223

 -1.0357e+224 -1.0460e+224
 -9.1433e+223 -9.2527e+223
  3.3878e+223  3.3696e+223

 -2.5822e+224 -2.6083e+224
 -1.7656e+224 -1.7874e+224
  7.6028e+223  7.5619e+223

 -6.2977e+224 -6.3622e+224
 -3.2482e+224 -3.2901e+224
  1.7062e+224  1.6970e+224

 -1.5071e+225 -1.5227e+225
 -5.5465e+224 -5.6232e+224
  3.8289e+224  3.8083e+224

 -3.5460e+225 -3.5832e+225
 -8.2712e+224 -8.4011e+224
  8.5923e+224  8.5461e+224

 -8.2135e+225 -8.3006e+225
 -8.7216e+224 -8.9124e+224
  1.9281e+225  1.9178e+225

 -1.8741e+226 -1.8942e+226
  3.2619e+224  3.0702e+224
  4.3267e+225  4.3034e+225

 -4.2135e+226 -4.2591e+226
  5.9538e+225  5.9655e+225
  9.7089e+225  9.6566e+225

 -9.3315e+226 -9.4339e+226
  2.5132e+226  2.5283e+226
  2.1786e+226  2.1668e+226

 -2.0344e+227 -2.0570e+227
  8.2549e+226  8.3168e+226
  4.8884e+226  4.8620e+226

 -4.3601e+227 -4.4092e+227
  2.4247e+227  2.4448e+227
  1.0969e+227  1.0909e+227

 -9.1679e+227 -9.2728e+227
  6.6735e+227  6.7321e+227
  2.4611e+227  2.4478e+227

 -1.8853e+228 -1.9073e+228
  1.7582e+228  1.7742e+228
  5.5220e+227  5.4922e+227

 -3.7730e+228 -3.8181e+228
  4.4852e+228  4.5273e+228
  1.2390e+228  1.2323e+228

 -7.2910e+228 -7.3809e+228
  1.1156e+229  1.1263e+229
  2.7798e+228  2.7648e+228

 -1.3420e+229 -1.3593e+229
  2.7170e+229  2.7436e+229
  6.2367e+228  6.2030e+228

 -2.2921e+229 -2.3238e+229
  6.4981e+229  6.5626e+229
  1.3992e+229  1.3917e+229

 -3.4162e+229 -3.4698e+229
  1.5290e+230  1.5444e+230
  3.1392e+229  3.1222e+229

 -3.5879e+229 -3.6665e+229
  3.5436e+230  3.5797e+230
  7.0426e+229  7.0045e+229

  1.4289e+229  1.3506e+229
  8.0947e+230  8.1781e+230
  1.5799e+230  1.5714e+230

  2.4923e+230  2.4975e+230
  1.8229e+231  1.8419e+231
  3.5444e+230  3.5252e+230

  1.0496e+231  1.0560e+231
  4.0465e+231  4.0892e+231
  7.9511e+230  7.9080e+230

  3.4468e+231  3.4727e+231
  8.8484e+231  8.9427e+231
  1.7836e+231  1.7740e+231

  1.0127e+232  1.0211e+232
  1.9038e+232  1.9244e+232
  4.0011e+231  3.9794e+231

  2.7887e+232  2.8133e+232
  4.0235e+232  4.0675e+232
  8.9751e+231  8.9264e+231

  7.3520e+232  7.4192e+232
  8.3296e+232  8.4220e+232
  2.0132e+232  2.0023e+232

  1.8770e+233  1.8947e+233
  1.6822e+233  1.7012e+233
  4.5158e+232  4.4913e+232

  4.6727e+233  4.7176e+233
  3.2929e+233  3.3309e+233
  1.0129e+233  1.0074e+233

  1.1391e+234  1.1503e+234
  6.1800e+233  6.2535e+233
  2.2719e+233  2.2596e+233

  2.7273e+234  2.7544e+234
  1.0902e+234  1.1037e+234
  5.0957e+233  5.0680e+233

  6.4247e+234  6.4893e+234
  1.7328e+234  1.7560e+234
  1.1429e+234  1.1367e+234

  1.4909e+235  1.5061e+235
  2.2005e+234  2.2353e+234
  2.5634e+234  2.5494e+234

  3.4106e+235  3.4457e+235
  1.0071e+234  1.0444e+234
  5.7490e+234  5.7177e+234

  7.6932e+235  7.7733e+235
 -6.7601e+234 -6.7707e+234
  1.2893e+235  1.2823e+235

  1.7109e+236  1.7289e+236
 -3.5571e+235 -3.5811e+235
  2.8916e+235  2.8758e+235

  3.7492e+236  3.7891e+236
 -1.2530e+236 -1.2633e+236
  6.4847e+235  6.4494e+235

  8.0873e+236  8.1744e+236
 -3.8107e+236 -3.8445e+236
  1.4542e+236  1.4463e+236

  1.7144e+237  1.7331e+237
 -1.0710e+237 -1.0810e+237
  3.2612e+236  3.2434e+236

  3.5629e+237  3.6023e+237
 -2.8620e+237 -2.8894e+237
  7.3131e+236  7.2732e+236

  7.2313e+237  7.3127e+237
 -7.3771e+237 -7.4494e+237
  1.6399e+237  1.6309e+237

  1.4250e+238  1.4414e+238
 -1.8496e+238 -1.8680e+238
  3.6773e+237  3.6572e+237

  2.7002e+238  2.7321e+238
 -4.5336e+238 -4.5795e+238
  8.2455e+237  8.2005e+237

  4.8363e+238  4.8957e+238
 -1.0901e+239 -1.1013e+239
  1.8489e+238  1.8388e+238

  7.9037e+238  8.0074e+238
 -2.5767e+239 -2.6035e+239
  4.1455e+238  4.1228e+238

  1.0747e+239  1.0909e+239
 -5.9960e+239 -6.0590e+239
  9.2949e+238  9.2440e+238

  7.8129e+238  8.0069e+238
 -1.3747e+240 -1.3893e+240
  2.0840e+239  2.0726e+239

 -1.9943e+239 -1.9898e+239
 -3.1063e+240 -3.1396e+240
  4.6724e+239  4.6468e+239

 -1.2965e+240 -1.3045e+240
 -6.9174e+240 -6.9925e+240
  1.0475e+240  1.0418e+240

 -4.8053e+240 -4.8435e+240
 -1.5173e+241 -1.5340e+241
  2.3485e+240  2.3356e+240

 -1.4954e+241 -1.5085e+241
 -3.2748e+241 -3.3113e+241
  5.2651e+240  5.2362e+240

 -4.2591e+241 -4.2983e+241
 -6.9432e+241 -7.0215e+241
  1.1803e+241  1.1738e+241

 -1.1480e+242 -1.1590e+242
 -1.4423e+242 -1.4589e+242
  2.6460e+241  2.6315e+241

 -2.9775e+242 -3.0065e+242
 -2.9241e+242 -2.9584e+242
  5.9316e+241  5.8990e+241

 -7.4998e+242 -7.5744e+242
 -5.7500e+242 -5.8192e+242
  1.3296e+242  1.3223e+242

 -1.8451e+243 -1.8637e+243
 -1.0855e+243 -1.0990e+243
  2.9805e+242  2.9641e+242

 -4.4499e+243 -4.4954e+243
 -1.9311e+243 -1.9564e+243
  6.6809e+242  6.6441e+242

 -1.0545e+244 -1.0654e+244
 -3.1137e+243 -3.1584e+243
  1.4975e+243  1.4892e+243

 -2.4592e+244 -2.4849e+244
 -4.0915e+243 -4.1623e+243
  3.3565e+243  3.3380e+243

 -5.6489e+244 -5.7088e+244
 -2.4142e+243 -2.5034e+243
  7.5231e+243  7.4816e+243

 -1.2787e+245 -1.2924e+245
  1.0163e+244  1.0125e+244
  1.6861e+244  1.6768e+244

 -2.8521e+245 -2.8830e+245
  5.8163e+244  5.8451e+244
  3.7790e+244  3.7581e+244

 -6.2654e+245 -6.3341e+245
  2.0961e+245  2.1110e+245
  8.4693e+244  8.4226e+244

 -1.3543e+246 -1.3693e+246
  6.4468e+245  6.4990e+245
  1.8981e+245  1.8876e+245

 -2.8754e+246 -2.9078e+246
  1.8249e+246  1.8407e+246
  4.2536e+245  4.2301e+245

 -5.9821e+246 -6.0507e+246
  4.9018e+246  4.9463e+246
  9.5323e+245  9.4796e+245

 -1.2147e+247 -1.2289e+247
  1.2688e+247  1.2806e+247
  2.1361e+246  2.1243e+246

 -2.3929e+247 -2.4216e+247
  3.1924e+247  3.2230e+247
  4.7867e+246  4.7602e+246

 -4.5270e+247 -4.5833e+247
  7.8504e+247  7.9271e+247
  1.0726e+247  1.0666e+247

 -8.0769e+247 -8.1827e+247
  1.8934e+248  1.9121e+248
  2.4034e+247  2.3900e+247

 -1.3084e+248 -1.3271e+248
  4.4887e+248  4.5339e+248
  5.3851e+247  5.3552e+247

 -1.7370e+248 -1.7667e+248
  1.0476e+249  1.0583e+249
  1.2066e+248  1.1999e+248

 -1.0906e+248 -1.1285e+248
  2.4092e+249  2.4341e+249
  2.7034e+248  2.6884e+248

  4.0266e+248  4.0090e+248
  5.4617e+249  5.5186e+249
  6.0567e+248  6.0231e+248

  2.3752e+249  2.3867e+249
  1.2205e+250  1.2334e+250
  1.3569e+249  1.3494e+249

  8.6272e+249  8.6882e+249
  2.6876e+250  2.7163e+250
  3.0400e+249  3.0231e+249

  2.6640e+250  2.6855e+250
  5.8265e+250  5.8893e+250
  6.8103e+249  6.7724e+249

  7.5605e+250  7.6261e+250
  1.2417e+251  1.2553e+251
  1.5256e+250  1.5171e+250

  2.0349e+251  2.0533e+251
  2.5957e+251  2.6245e+251
  3.4176e+250  3.3985e+250

  5.2757e+251  5.3251e+251
  5.3041e+251  5.3639e+251
  7.6555e+250  7.6128e+250

  1.3294e+252  1.3421e+252
  1.0539e+252  1.0660e+252
  1.7148e+251  1.7052e+251

  3.2737e+252  3.3057e+252
  2.0188e+252  2.0426e+252
  3.8409e+251  3.8195e+251

  7.9062e+252  7.9846e+252
  3.6726e+252  3.7177e+252
  8.6030e+251  8.5550e+251

  1.8769e+253  1.8958e+253
  6.1604e+252  6.2407e+252
  1.9269e+252  1.9161e+252

  4.3866e+253  4.4313e+253
  8.8637e+252  8.9935e+252
  4.3155e+252  4.2914e+252

  1.0103e+254  1.0207e+254
  8.2570e+252  8.4286e+252
  9.6650e+252  9.6109e+252

  2.2939e+254  2.3177e+254
 -8.3466e+252 -8.2409e+252
  2.1645e+253  2.1524e+253

  5.1349e+254  5.1890e+254
 -7.9922e+253 -8.0329e+253
  4.8473e+253  4.8201e+253

  1.1329e+255  1.1450e+255
 -3.1668e+254 -3.1906e+254
  1.0855e+254  1.0794e+254

  2.4614e+255  2.4880e+255
 -1.0144e+255 -1.0230e+255
  2.4307e+254  2.4171e+254

  5.2594e+255  5.3168e+255
 -2.9378e+255 -2.9643e+255
  5.4429e+254  5.4123e+254

  1.1029e+256  1.1151e+256
 -8.0094e+255 -8.0844e+255
  1.2187e+255  1.2119e+255

  2.2625e+256  2.2880e+256
 -2.0952e+256 -2.1153e+256
  2.7288e+255  2.7135e+255

  4.5187e+256  4.5705e+256
 -5.3142e+256 -5.3664e+256
  6.1097e+255  6.0753e+255

  8.7175e+256  8.8200e+256
 -1.3152e+257 -1.3284e+257
  1.3679e+256  1.3602e+256

  1.6029e+257  1.6225e+257
 -3.1889e+257 -3.2213e+257
  3.0625e+256  3.0452e+256

  2.7378e+257  2.7730e+257
 -7.5948e+257 -7.6728e+257
  6.8560e+256  6.8173e+256

  4.0915e+257  4.1497e+257
 -1.7797e+258 -1.7982e+258
  1.5348e+257  1.5261e+257

  4.3597e+257  4.4409e+257
 -4.1079e+258 -4.1511e+258
  3.4357e+257  3.4164e+257

 -1.3749e+257 -1.3086e+257
 -9.3446e+258 -9.4439e+258
  7.6908e+257  7.6474e+257

 -2.8533e+258 -2.8652e+258
 -2.0952e+259 -2.1177e+259
  1.7215e+258  1.7118e+258

 -1.2124e+259 -1.2211e+259
 -4.6286e+259 -4.6789e+259
  3.8532e+258  3.8314e+258

 -3.9881e+259 -4.0213e+259
 -1.0067e+260 -1.0178e+260
  8.6243e+258  8.5755e+258

 -1.1715e+260 -1.1820e+260
 -2.1530e+260 -2.1770e+260
  1.9302e+259  1.9193e+259

 -3.2223e+260 -3.2524e+260
 -4.5177e+260 -4.5689e+260
  4.3199e+259  4.2954e+259

 -8.4815e+260 -8.5628e+260
 -9.2712e+260 -9.3782e+260
  9.6676e+259  9.6128e+259

 -2.1611e+261 -2.1823e+261
 -1.8516e+261 -1.8735e+261
  2.1635e+260  2.1512e+260

 -5.3680e+261 -5.4215e+261
 -3.5703e+261 -3.6137e+261
  4.8413e+260  4.8138e+260

 -1.3054e+262 -1.3186e+262
 -6.5556e+261 -6.6387e+261
  1.0833e+261  1.0771e+261

 -3.1166e+262 -3.1486e+262
 -1.1161e+262 -1.1312e+262
  2.4240e+261  2.4102e+261

 -7.3192e+262 -7.3951e+262
 -1.6553e+262 -1.6806e+262
  5.4236e+261  5.3927e+261

 -1.6927e+263 -1.7104e+263
 -1.7151e+262 -1.7514e+262
  1.2134e+262  1.2065e+262

 -3.8572e+263 -3.8982e+263
  7.8580e+261  7.5245e+261
  2.7148e+262  2.6993e+262

 -8.6627e+263 -8.7557e+263
  1.2351e+263  1.2387e+263
  6.0735e+262  6.0388e+262

 -1.9168e+264 -1.9377e+264
  5.1558e+263  5.1892e+263
  1.3587e+263  1.3509e+263

 -4.1759e+264 -4.2218e+264
  1.6861e+264  1.6993e+264
  3.0393e+263  3.0219e+263

 -8.9452e+264 -9.0449e+264
  4.9402e+264  4.9823e+264
  6.7985e+263  6.7596e+263

 -1.8802e+265 -1.9015e+265
  1.3573e+265  1.3695e+265
  1.5207e+264  1.5119e+264

 -3.8660e+265 -3.9106e+265
  3.5711e+265  3.6043e+265
  3.4012e+264  3.3817e+264

 -7.7384e+265 -7.8296e+265
  9.0997e+265  9.1865e+265
  7.6069e+264  7.5633e+264

 -1.4963e+266 -1.5144e+266
  2.2610e+266  2.2830e+266
  1.7012e+265  1.6915e+265

 -2.7578e+266 -2.7927e+266
  5.5016e+266  5.5560e+266
  3.8045e+265  3.7826e+265

 -4.7232e+266 -4.7868e+266
  1.3146e+267  1.3278e+267
  8.5078e+265  8.4588e+265

 -7.0851e+266 -7.1922e+266
  3.0903e+267  3.1217e+267
  1.9024e+266  1.8915e+266

 -7.6128e+266 -7.7684e+266
  7.1554e+267  7.2291e+267
  4.2538e+266  4.2293e+266

  2.1580e+266  2.0081e+266
  1.6329e+268  1.6499e+268
  9.5110e+266  9.4560e+266

  4.8872e+267  4.8997e+267
  3.6735e+268  3.7122e+268
  2.1264e+267  2.1141e+267

  2.0899e+268  2.1032e+268
  8.1449e+268  8.2316e+268
  4.7539e+267  4.7264e+267

  6.8975e+268  6.9511e+268
  1.7787e+269  1.7978e+269
  1.0627e+268  1.0566e+268

  2.0313e+269  2.0486e+269
  3.8212e+269  3.8629e+269
  2.3757e+268  2.3619e+268

  5.6001e+269  5.6502e+269
  8.0613e+269  8.1504e+269
  5.3103e+268  5.2795e+268

  1.4771e+270  1.4909e+270
  1.6652e+270  1.6839e+270
  1.1869e+269  1.1800e+269

  3.7719e+270  3.8078e+270
  3.3535e+270  3.3919e+270
  2.6528e+269  2.6374e+269

  9.3891e+270  9.4803e+270
  6.5395e+270  6.6162e+270
  5.9288e+269  5.8943e+269

  2.2883e+271  2.3109e+271
  1.2206e+271  1.2354e+271
  1.3249e+270  1.3172e+270

  5.4763e+271  5.5312e+271
  2.1346e+271  2.1618e+271
  2.9608e+270  2.9435e+270

  1.2893e+272  1.3024e+272
  3.3375e+271  3.3839e+271
  6.6159e+270  6.5772e+270

  2.9898e+272  3.0206e+272
  4.0578e+271  4.1267e+271
  1.4782e+271  1.4696e+271

  6.8337e+272  6.9048e+272
  1.1231e+271  1.1952e+271
  3.3027e+271  3.2834e+271

  1.5399e+273  1.5561e+273
 -1.5777e+272 -1.5807e+272
  7.3786e+271  7.3354e+271

  3.4203e+273  3.4567e+273
 -7.6744e+272 -7.7249e+272
  1.6483e+272  1.6387e+272

  7.4842e+273  7.5647e+273
 -2.6428e+273 -2.6639e+273
  3.6821e+272  3.6605e+272

  1.6115e+274  1.6291e+274
 -7.9500e+273 -8.0193e+273
  8.2246e+272  8.1762e+272

  3.4088e+274  3.4464e+274
 -2.2200e+274 -2.2403e+274
  1.8370e+273  1.8262e+273

  7.0644e+274  7.1436e+274
 -5.9065e+274 -5.9624e+274
  4.1027e+273  4.0785e+273

  1.4286e+275  1.4449e+275
 -1.5176e+275 -1.5324e+275
  9.1621e+273  9.1081e+273

  2.8012e+275  2.8340e+275
 -3.7957e+275 -3.8332e+275
  2.0460e+274  2.0339e+274

  5.2702e+275  5.3337e+275
 -9.2857e+275 -9.3790e+275
  4.5685e+274  4.5415e+274

  9.3327e+275  9.4504e+275
 -2.2290e+276 -2.2517e+276
  1.0200e+275  1.0140e+275

  1.4938e+276  1.5142e+276
 -5.2614e+276 -5.3156e+276
  2.2773e+275  2.2638e+275

  1.9309e+276  1.9622e+276
 -1.2228e+277 -1.2355e+277
  5.0839e+275  5.0538e+275

  1.0212e+276  1.0571e+276
 -2.8002e+277 -2.8297e+277
  1.1349e+276  1.1281e+276

 -5.3122e+276 -5.3113e+276
 -6.3205e+277 -6.3878e+277
  2.5331e+276  2.5181e+276

 -2.9130e+277 -2.9309e+277
 -1.4060e+278 -1.4212e+278
  5.6538e+276  5.6201e+276

 -1.0375e+278 -1.0457e+278
 -3.0809e+278 -3.1145e+278
  1.2618e+277  1.2543e+277

 -3.1719e+278 -3.1992e+278
 -6.6424e+278 -6.7158e+278
  2.8158e+277  2.7989e+277

 -8.9425e+278 -9.0238e+278
 -1.4067e+279 -1.4225e+279
  6.2831e+277  6.2455e+277

 -2.3946e+279 -2.4171e+279
 -2.9186e+279 -2.9519e+279
  1.4019e+278  1.3935e+278

 -6.1817e+279 -6.2414e+279
 -5.9088e+279 -5.9774e+279
  3.1277e+278  3.1089e+278

 -1.5517e+280 -1.5670e+280
 -1.1599e+280 -1.1737e+280
  6.9774e+278  6.9354e+278

 -3.8072e+280 -3.8454e+280
 -2.1846e+280 -2.2116e+280
  1.5564e+279  1.5470e+279

 -9.1619e+280 -9.2550e+280
 -3.8734e+280 -3.9237e+280
  3.4715e+279  3.4505e+279

 -2.1672e+281 -2.1895e+281
 -6.2094e+280 -6.2973e+280
  7.7423e+279  7.6955e+279

 -5.0465e+281 -5.0991e+281
 -8.0464e+280 -8.1836e+280
  1.7266e+280  1.7161e+280

 -1.1577e+282 -1.1699e+282
 -4.3130e+280 -4.4792e+280
  3.8500e+280  3.8267e+280

 -2.6176e+282 -2.6455e+282
  2.1929e+281  2.1886e+281
  8.5841e+280  8.5320e+280

 -5.8327e+282 -5.8955e+282
  1.2086e+282  1.2152e+282
  1.9138e+281  1.9021e+281

 -1.2802e+283 -1.2941e+283
  4.3131e+282  4.3450e+282
  4.2662e+281  4.2402e+281

 -2.7648e+283 -2.7953e+283
  1.3203e+283  1.3313e+283
  9.5093e+281  9.4512e+281

 -5.8661e+283 -5.9317e+283
  3.7267e+283  3.7596e+283
  2.1194e+282  2.1064e+282

 -1.2196e+284 -1.2334e+284
  9.9899e+283  1.0082e+284
  4.7231e+282  4.6942e+282

 -2.4749e+284 -2.5036e+284
  2.5817e+284  2.6061e+284
  1.0525e+283  1.0460e+283

 -4.8726e+284 -4.9306e+284
  6.4872e+284  6.5500e+284
  2.3449e+283  2.3305e+283

 -9.2139e+284 -9.3272e+284
  1.5934e+285  1.6091e+285
  5.2241e+283  5.1919e+283

 -1.6433e+285 -1.6645e+285
  3.8389e+285  3.8774e+285
  1.1637e+284  1.1565e+284

 -2.6614e+285 -2.6987e+285
  9.0921e+285  9.1843e+285
  2.5919e+284  2.5759e+284

 -3.5343e+285 -3.5933e+285
  2.1199e+286  2.1417e+286
  5.7723e+284  5.7366e+284

 -2.2301e+285 -2.3036e+285
  4.8703e+286  4.9209e+286
  1.2854e+285  1.2774e+285

  8.1293e+285  8.1010e+285
  1.1029e+287  1.1145e+287
  2.8619e+285  2.8441e+285

  4.8064e+286  4.8315e+286
  2.4621e+287  2.4882e+287
  6.3713e+285  6.3316e+285

  1.7460e+287  1.7588e+287
  5.4150e+287  5.4731e+287
  1.4182e+286  1.4094e+286

  5.3902e+287  5.4347e+287
  1.1723e+288  1.1851e+288
  3.1566e+286  3.1368e+286

  1.5292e+288  1.5427e+288
  2.4946e+288  2.5220e+288
  7.0245e+286  6.9804e+286

  4.1138e+288  4.1516e+288
  5.2050e+288  5.2632e+288
  1.5630e+287  1.5532e+287

  1.0660e+289  1.0761e+289
  1.0611e+289  1.0732e+289
  3.4774e+287  3.4554e+287

  2.6847e+289  2.7106e+289
  2.1021e+289  2.1265e+289
  7.7353e+287  7.6864e+287

  6.6071e+289  6.6721e+289
  4.0099e+289  4.0579e+289
  1.7204e+288  1.7095e+288

  1.5946e+290  1.6105e+290
  7.2493e+289  7.3398e+289
  3.8260e+288  3.8017e+288

  3.7827e+290  3.8211e+290
  1.2029e+290  1.2190e+290
  8.5070e+288  8.4528e+288

  8.8339e+290  8.9244e+290
  1.6905e+290  1.7163e+290
  1.8912e+289  1.8791e+289

  2.0327e+291  2.0538e+291
  1.4300e+290  1.4635e+290
  4.2038e+289  4.1769e+289

  4.6108e+291  4.6592e+291
 -2.2454e+290 -2.2270e+290
  9.3426e+289  9.2826e+289

  1.0310e+292  1.0419e+292
 -1.7444e+291 -1.7534e+291
  2.0760e+290  2.0626e+290

  2.2718e+292  2.2961e+292
 -6.6958e+291 -6.7454e+291
  4.6122e+290  4.5824e+290

  4.9284e+292  4.9819e+292
 -2.1170e+292 -2.1347e+292
  1.0245e+291  1.0179e+291

  1.0512e+293  1.0627e+293
 -6.0871e+292 -6.1415e+292
  2.2753e+291  2.2605e+291

  2.1995e+293  2.2240e+293
 -1.6519e+293 -1.6672e+293
  5.0522e+291  5.0193e+291

  4.4996e+293  4.5507e+293
 -4.3069e+293 -4.3481e+293
  1.1216e+292  1.1143e+292

  8.9535e+293  9.0573e+293
 -1.0897e+294 -1.1003e+294
  2.4896e+292  2.4733e+292

  1.7185e+294  1.7390e+294
 -2.6915e+294 -2.7183e+294
  5.5249e+292  5.4886e+292

  3.1356e+294  3.1744e+294
 -6.5152e+294 -6.5809e+294
  1.2258e+293  1.2177e+293

  5.2859e+294  5.3555e+294
 -1.5495e+295 -1.5653e+295
  2.7192e+293  2.7012e+293

  7.6864e+294  7.8004e+294
 -3.6263e+295 -3.6638e+295
  6.0306e+293  5.9905e+293

  7.4501e+294  7.6052e+294
 -8.3604e+295 -8.4479e+295
  1.3372e+294  1.3282e+294

 -5.9319e+294 -5.8194e+294
 -1.8997e+296 -1.9198e+296
  2.9642e+294  2.9444e+294

 -6.4914e+295 -6.5204e+295
 -4.2548e+296 -4.3003e+296
  6.5694e+294  6.5253e+294

 -2.6155e+296 -2.6344e+296
 -9.3896e+296 -9.4912e+296
  1.4556e+295  1.4458e+295

 -8.4339e+296 -8.5037e+296
 -2.0401e+297 -2.0624e+297
  3.2244e+295  3.2025e+295

 -2.4515e+297 -2.4732e+297
 -4.3578e+297 -4.4062e+297
  7.1406e+295  7.0920e+295

 -6.6991e+297 -6.7611e+297
 -9.1323e+297 -9.2353e+297
  1.5809e+296  1.5701e+296

 -1.7553e+298 -1.7720e+298
 -1.8714e+298 -1.8929e+298
  3.4992e+296  3.4751e+296

 -4.4578e+298 -4.5013e+298
 -3.7308e+298 -3.7746e+298
  7.7427e+296  7.6893e+296

 -1.1044e+299 -1.1154e+299
 -7.1770e+298 -7.2637e+298
  1.7128e+297  1.7009e+297

 -2.6801e+299 -2.7071e+299
 -1.3135e+299 -1.3300e+299
  3.7876e+297  3.7612e+297

 -6.3878e+299 -6.4530e+299
 -2.2245e+299 -2.2544e+299
  8.3732e+297  8.3147e+297

 -1.4979e+300 -1.5134e+300
 -3.2639e+299 -3.3134e+299
  1.8505e+298  1.8375e+298

 -3.4596e+300 -3.4958e+300
 -3.2617e+299 -3.3312e+299
  4.0881e+298  4.0592e+298

 -7.8747e+300 -7.9579e+300
  2.0877e+299  2.0292e+299
  9.0283e+298  8.9642e+298

 -1.7666e+301 -1.7855e+301
  2.6152e+300  2.6246e+300
  1.9931e+299  1.9789e+299

 -3.9052e+301 -3.9474e+301
  1.0697e+301  1.0770e+301
  4.3984e+299  4.3668e+299

 -8.4996e+301 -8.5926e+301
  3.4710e+301  3.4988e+301
  9.7026e+299  9.6324e+299

 -1.8190e+302 -1.8391e+302
  1.0126e+302  1.0214e+302
  2.1394e+300  2.1239e+300

 -3.8198e+302 -3.8628e+302
  2.7743e+302  2.7995e+302
  4.7155e+300  4.6809e+300

 -7.8461e+302 -7.9360e+302
  7.2842e+302  7.3525e+302
  1.0389e+301  1.0312e+301

 -1.5688e+303 -1.5872e+303
  1.8531e+303  1.8709e+303
  2.2876e+301  2.2706e+301

 -3.0294e+303 -3.0659e+303
  4.5981e+303  4.6432e+303
  5.0350e+301  4.9974e+301

 -5.5744e+303 -5.6443e+303
  1.1175e+304  1.1286e+304
  1.1076e+302  1.0993e+302

 -9.5239e+303 -9.6509e+303
  2.6672e+304  2.6942e+304
  2.4353e+302  2.4169e+302

 -1.4223e+304 -1.4436e+304
  6.2635e+304  6.3276e+304
  5.3516e+302  5.3107e+302

 -1.5079e+304 -1.5384e+304
  1.4488e+305  1.4638e+305
  1.1753e+303  1.1662e+303

  5.2180e+303  4.9389e+303
  3.3029e+305  3.3374e+305
  2.5796e+303  2.5596e+303

  1.0099e+305  1.0130e+305
  7.4223e+305  7.5009e+305
  5.6582e+303  5.6138e+303

  4.2777e+305  4.3060e+305
  1.6438e+306  1.6614e+306
  1.2402e+304  1.2304e+304

  1.4066e+306  1.4178e+306
  3.5853e+306  3.6241e+306
  2.7166e+304  2.6949e+304

  4.1336e+306  4.1692e+306
  7.6918e+306  7.7761e+306
  5.9459e+304  5.8978e+304

  1.1379e+307  1.1481e+307
         -inf         -inf
  1.3003e+305  1.2897e+305

     -inf     -inf
     -inf      nan
      nan      nan

      nan      nan
      nan      nan
      nan      nan

      nan      nan
      nan      nan
      nan      nan

      nan      nan
      nan      nan
      nan      nan

      nan      nan
      nan      nan
      nan      nan

      nan      nan
      nan      nan
      nan      nan

      nan      nan
      nan      nan
      nan      nan

      nan      nan
      nan      nan
      nan      nan

      nan      nan
      nan      nan
      nan      nan

      nan      nan
      nan      nan
      nan      nan

      nan      nan
      nan      nan
      nan      nan

      nan      nan
      nan      nan
      nan      nan

      nan      nan
      nan      nan
      nan      nan

      nan      nan
      nan      nan
      nan      nan

      nan      nan
      nan      nan
      nan      nan

      nan      nan
      nan      nan
      nan      nan

      nan      nan
      nan      nan
      nan      nan

      nan      nan
      nan      nan
      nan      nan

      nan      nan
      nan      nan
      nan      nan

      nan      nan
      nan      nan
      nan      nan

      nan      nan
      nan      nan
      nan      nan

      nan      nan
      nan      nan
      nan      nan

      nan      nan
      nan      nan
      nan      nan

      nan      nan
      nan      nan
      nan      nan

      nan      nan
      nan      nan
      nan      nan

      nan      nan
      nan      nan
      nan      nan

      nan      nan
      nan      nan
      nan      nan

      nan      nan
      nan      nan
      nan      nan

      nan      nan
      nan      nan
      nan      nan

      nan      nan
      nan      nan
      nan      nan

      nan      nan
      nan      nan
      nan      nan

      nan      nan
      nan      nan
      nan      nan

      nan      nan
      nan      nan
      nan      nan

      nan      nan
      nan      nan
      nan      nan

      nan      nan
      nan      nan
      nan      nan

      nan      nan
      nan      nan
      nan      nan

      nan      nan
      nan      nan
      nan      nan

      nan      nan
      nan      nan
      nan      nan

      nan      nan
      nan      nan
      nan      nan

      nan      nan
      nan      nan
      nan      nan

      nan      nan
      nan      nan
      nan      nan

      nan      nan
      nan      nan
      nan      nan

      nan      nan
      nan      nan
      nan      nan

      nan      nan
      nan      nan
      nan      nan

      nan      nan
      nan      nan
      nan      nan

      nan      nan
      nan      nan
      nan      nan

      nan      nan
      nan      nan
      nan      nan

      nan      nan
      nan      nan
      nan      nan

      nan      nan
      nan      nan
      nan      nan

      nan      nan
      nan      nan
      nan      nan

      nan      nan
      nan      nan
      nan      nan

      nan      nan
      nan      nan
      nan      nan

      nan      nan
      nan      nan
      nan      nan

      nan      nan
      nan      nan
      nan      nan

      nan      nan
      nan      nan
      nan      nan

      nan      nan
      nan      nan
      nan      nan

      nan      nan
      nan      nan
      nan      nan

      nan      nan
      nan      nan
      nan      nan

      nan      nan
      nan      nan
      nan      nan

      nan      nan
      nan      nan
      nan      nan

      nan      nan
      nan      nan
      nan      nan

      nan      nan
      nan      nan
      nan      nan

      nan      nan
      nan      nan
      nan      nan

      nan      nan
      nan      nan
      nan      nan

      nan      nan
      nan      nan
      nan      nan

      nan      nan
      nan      nan
      nan      nan

      nan      nan
      nan      nan
      nan      nan

      nan      nan
      nan      nan
      nan      nan

      nan      nan
      nan      nan
      nan      nan

      nan      nan
      nan      nan
      nan      nan

      nan      nan
      nan      nan
      nan      nan

      nan      nan
      nan      nan
      nan      nan

      nan      nan
      nan      nan
      nan      nan

      nan      nan
      nan      nan
      nan      nan

      nan      nan
      nan      nan
      nan      nan

      nan      nan
      nan      nan
      nan      nan

      nan      nan
      nan      nan
      nan      nan

      nan      nan
      nan      nan
      nan      nan

      nan      nan
      nan      nan
      nan      nan

      nan      nan
      nan      nan
      nan      nan

      nan      nan
      nan      nan
      nan      nan

      nan      nan
      nan      nan
      nan      nan

      nan      nan
      nan      nan
      nan      nan

      nan      nan
      nan      nan
      nan      nan

      nan      nan
      nan      nan
      nan      nan

      nan      nan
      nan      nan
      nan      nan

      nan      nan
      nan      nan
      nan      nan

      nan      nan
      nan      nan
      nan      nan

      nan      nan
      nan      nan
      nan      nan

      nan      nan
      nan      nan
      nan      nan

      nan      nan
      nan      nan
      nan      nan

      nan      nan
      nan      nan
      nan      nan

      nan      nan
      nan      nan
      nan      nan

      nan      nan
      nan      nan
      nan      nan

      nan      nan
      nan      nan
      nan      nan

      nan      nan
      nan      nan
      nan      nan

      nan      nan
      nan      nan
      nan      nan

      nan      nan
      nan      nan
      nan      nan

      nan      nan
      nan      nan
      nan      nan

      nan      nan
      nan      nan
      nan      nan

      nan      nan
      nan      nan
      nan      nan

      nan      nan
      nan      nan
      nan      nan

      nan      nan
      nan      nan
      nan      nan

      nan      nan
      nan      nan
      nan      nan

      nan      nan
      nan      nan
      nan      nan

      nan      nan
      nan      nan
      nan      nan

      nan      nan
      nan      nan
      nan      nan

      nan      nan
      nan      nan
      nan      nan

      nan      nan
      nan      nan
      nan      nan

      nan      nan
      nan      nan
      nan      nan

      nan      nan
      nan      nan
      nan      nan

      nan      nan
      nan      nan
      nan      nan

      nan      nan
      nan      nan
      nan      nan

      nan      nan
      nan      nan
      nan      nan

      nan      nan
      nan      nan
      nan      nan

      nan      nan
      nan      nan
      nan      nan

      nan      nan
      nan      nan
      nan      nan

      nan      nan
      nan      nan
      nan      nan

      nan      nan
      nan      nan
      nan      nan

      nan      nan
      nan      nan
      nan      nan

      nan      nan
      nan      nan
      nan      nan

      nan      nan
      nan      nan
      nan      nan

      nan      nan
      nan      nan
      nan      nan

      nan      nan
      nan      nan
      nan      nan

      nan      nan
      nan      nan
      nan      nan

      nan      nan
      nan      nan
      nan      nan

      nan      nan
      nan      nan
      nan      nan

      nan      nan
      nan      nan
      nan      nan

      nan      nan
      nan      nan
      nan      nan

      nan      nan
      nan      nan
      nan      nan

      nan      nan
      nan      nan
      nan      nan

      nan      nan
      nan      nan
      nan      nan

      nan      nan
      nan      nan
      nan      nan

      nan      nan
      nan      nan
      nan      nan

      nan      nan
      nan      nan
      nan      nan

      nan      nan
      nan      nan
      nan      nan

      nan      nan
      nan      nan
      nan      nan

      nan      nan
      nan      nan
      nan      nan

      nan      nan
      nan      nan
      nan      nan

      nan      nan
      nan      nan
      nan      nan

      nan      nan
      nan      nan
      nan      nan

      nan      nan
      nan      nan
      nan      nan

      nan      nan
      nan      nan
      nan      nan

      nan      nan
      nan      nan
      nan      nan

      nan      nan
      nan      nan
      nan      nan

      nan      nan
      nan      nan
      nan      nan

      nan      nan
      nan      nan
      nan      nan

      nan      nan
      nan      nan
      nan      nan

      nan      nan
      nan      nan
      nan      nan
