  -3.4964e+03   7.4937e+02
  -3.2930e+03   1.8631e+02
   1.6726e+03  -3.0710e+03

  -8.9503e+03   1.6564e+03
  -6.5661e+03   1.9679e+02
   3.8269e+03  -6.5770e+03

  -2.1855e+04   3.7803e+03
  -1.2300e+04  -5.9172e+00
   8.5840e+03  -1.4798e+04

  -5.2506e+04   8.5042e+03
  -2.1754e+04  -1.0373e+03
   1.9314e+04  -3.3294e+04

  -1.2403e+05   1.8854e+04
  -3.4726e+04  -4.6375e+03
   4.3454e+04  -7.4910e+04

  -2.8849e+05   4.1166e+04
  -4.4539e+04  -1.5542e+04
   9.7767e+04  -1.6854e+05

  -6.6118e+05   8.8417e+04
  -2.2078e+04  -4.6120e+04
   2.1996e+05  -3.7919e+05

  -1.4937e+06   1.8645e+05
   1.2940e+05  -1.2772e+05
   4.9488e+05  -8.5311e+05

  -3.3258e+06   3.8494e+05
   6.9570e+05  -3.3788e+05
   1.1134e+06  -1.9193e+06

  -7.2950e+06   7.7465e+05
   2.4661e+06  -8.6451e+05
   2.5049e+06  -4.3181e+06

  -1.5747e+07   1.5089e+06
   7.5246e+06  -2.1550e+06
   5.6354e+06  -9.7146e+06

  -3.3394e+07   2.8116e+06
   2.1195e+07  -5.2576e+06
   1.2678e+07  -2.1855e+07

  -6.9400e+07   4.9027e+06
   5.6734e+07  -1.2592e+07
   2.8522e+07  -4.9168e+07

  -1.4079e+08   7.6220e+06
   1.4645e+08  -2.9660e+07
   6.4165e+07  -1.1061e+08

  -2.7715e+08   9.1195e+06
   3.6765e+08  -6.8801e+07
   1.4435e+08  -2.4884e+08

  -5.2407e+08   1.8915e+06
   9.0228e+08  -1.5728e+08
   3.2473e+08  -5.5979e+08

  -9.3491e+08  -3.8326e+07
   2.1721e+09  -3.5441e+08
   7.3051e+08  -1.2593e+09

  -1.5156e+09  -1.8219e+08
   5.1406e+09  -7.8707e+08
   1.6433e+09  -2.8328e+09

  -2.0185e+09  -6.2301e+08
   1.1977e+10  -1.7217e+09
   3.6967e+09  -6.3726e+09

  -1.2995e+09  -1.8679e+09
   2.7496e+10  -3.7052e+09
   8.3159e+09  -1.4335e+10

   4.5191e+09  -5.2059e+09
   6.2219e+10  -7.8314e+09
   1.8706e+10  -3.2247e+10

   2.7011e+10  -1.3834e+10
   1.3877e+11  -1.6212e+10
   4.2079e+10  -7.2538e+10

   9.8340e+10  -3.5515e+10
   3.0494e+11  -3.2733e+10
   9.4655e+10  -1.6317e+11

   3.0381e+11  -8.8770e+10
   6.5951e+11  -6.4038e+10
   2.1292e+11  -3.6703e+11

   8.6210e+11  -2.1707e+11
   1.4017e+12  -1.2006e+11
   4.7893e+11  -8.2559e+11

   2.3191e+12  -5.2091e+11
   2.9205e+12  -2.1139e+11
   1.0773e+12  -1.8570e+12

   6.0086e+12  -1.2293e+12
   5.9434e+12  -3.3463e+11
   2.4231e+12  -4.1771e+12

   1.5128e+13  -2.8564e+12
   1.1746e+13  -4.2018e+11
   5.4504e+12  -9.3954e+12

   3.7217e+13  -6.5407e+12
   2.2334e+13  -1.7225e+11
   1.2259e+13  -2.1133e+13

   8.9784e+13  -1.4763e+13
   4.0177e+13   1.3828e+12
   2.7574e+13  -4.7533e+13

   2.1289e+14  -3.2842e+13
   6.6096e+13   7.1073e+12
   6.2020e+13  -1.0691e+14

   4.9688e+14  -7.1969e+13
   9.1088e+13   2.4881e+13
   1.3950e+14  -2.4046e+14

   1.1426e+15  -1.5519e+14
   7.0443e+13   7.5462e+13
   3.1375e+14  -5.4084e+14

   2.5899e+15  -3.2875e+14
  -1.5081e+14   2.1180e+14
   7.0566e+14  -1.2164e+15

   5.7862e+15  -6.8232e+14
  -1.0404e+15   5.6552e+14
   1.5871e+15  -2.7358e+15

   1.2737e+16  -1.3821e+15
  -3.9072e+15   1.4571e+15
   3.5695e+15  -6.1531e+15

   2.7599e+16  -2.7151e+15
  -1.2239e+16   3.6525e+15
   8.0280e+15  -1.3839e+16

   5.8783e+16  -5.1200e+15
  -3.5009e+16   8.9529e+15
   1.8055e+16  -3.1123e+16

   1.2278e+17  -9.0956e+15
  -9.4682e+16   2.1529e+16
   4.0606e+16  -6.9995e+16

   2.5060e+17  -1.4635e+16
  -2.4627e+17   5.0902e+16
   9.1321e+16  -1.5742e+17

   4.9716e+17  -1.9145e+16
  -6.2194e+17   1.1849e+17
   2.0537e+17  -3.5402e+17

   9.5016e+17  -1.0992e+16
  -1.5339e+18   2.7177e+17
   4.6187e+17  -7.9616e+17

   1.7224e+18   4.8859e+16
  -3.7085e+18   6.1444e+17
   1.0387e+18  -1.7905e+18

   2.8711e+18   2.7631e+17
  -8.8102e+18   1.3692e+18
   2.3359e+18  -4.0265e+18

   4.0739e+18   9.9247e+17
  -2.0600e+19   3.0058e+18
   5.2530e+18  -9.0549e+18

   3.5874e+18   3.0470e+18
  -4.7451e+19   6.4941e+18
   1.1813e+19  -2.0363e+19

  -4.7793e+18   8.6142e+18
  -1.0773e+20   1.3786e+19
   2.6564e+19  -4.5791e+19

  -3.9930e+19   2.3115e+19
  -2.4110e+20   2.8685e+19
   5.9737e+19  -1.0297e+20

  -1.5514e+20   5.9777e+19
  -5.3165e+20   5.8279e+19
   1.3433e+20  -2.3155e+20

  -4.9304e+20   1.5028e+20
  -1.1542e+21   1.1494e+20
   3.0207e+20  -5.2069e+20

  -1.4219e+21   3.6925e+20
  -2.4633e+21   2.1790e+20
   6.7925e+20  -1.1709e+21

  -3.8665e+21   8.8983e+20
  -5.1573e+21   3.9026e+20
   1.5274e+21  -2.6328e+21

  -1.0096e+22   2.1078e+21
  -1.0557e+22   6.3708e+20
   3.4345e+21  -5.9201e+21

  -2.5576e+22   4.9151e+21
  -2.1018e+22   8.6255e+20
   7.7227e+21  -1.3312e+22

  -6.3239e+22   1.1293e+22
  -4.0364e+22   6.0953e+20
   1.7365e+22  -2.9932e+22

  -1.5322e+23   2.5574e+22
  -7.3691e+22  -1.6870e+21
   3.9045e+22  -6.7303e+22

  -3.6471e+23   5.7084e+22
  -1.2431e+23  -1.0722e+22
   8.7793e+22  -1.5133e+23

  -8.5427e+23   1.2554e+23
  -1.8093e+23  -3.9586e+22
   1.9740e+23  -3.4026e+23

  -1.9711e+24   2.7174e+23
  -1.7573e+23  -1.2307e+23
   4.4384e+23  -7.6505e+23

  -4.4827e+24   5.7810e+23
   1.3843e+23  -3.5050e+23
   9.9793e+23  -1.7202e+24

  -1.0049e+25   1.2058e+24
   1.5255e+24  -9.4522e+23
   2.2437e+24  -3.8675e+24

  -2.2198e+25   2.4572e+24
   6.1538e+24  -2.4533e+24
   5.0447e+24  -8.6956e+24

  -4.8279e+25   4.8646e+24
   1.9858e+25  -6.1856e+24
   1.1342e+25  -1.9550e+25

  -1.0325e+26   9.2705e+24
   5.7755e+25  -1.5235e+25
   2.5500e+25  -4.3955e+25

  -2.1669e+26   1.6734e+25
   1.5791e+26  -3.6791e+25
   5.7332e+25  -9.8823e+25

  -4.4481e+26   2.7690e+25
   4.1399e+26  -8.7313e+25
   1.2890e+26  -2.2218e+26

  -8.8875e+26   3.8663e+25
   1.0519e+27  -2.0396e+26
   2.8978e+26  -4.9950e+26

  -1.7149e+27   3.1770e+25
   2.6076e+27  -4.6939e+26
   6.5149e+26  -1.1230e+27

  -3.1527e+27  -5.5605e+25
   6.3316e+27  -1.0648e+27
   1.4646e+27  -2.5246e+27

  -5.3795e+27  -4.1339e+26
   1.5100e+28  -2.3807e+27
   3.2927e+27  -5.6756e+27

  -8.0162e+27  -1.5747e+27
   3.5432e+28  -5.2449e+27
   7.4023e+27  -1.2759e+28

  -8.4442e+27  -4.9632e+27
   8.1895e+28  -1.1375e+28
   1.6641e+28  -2.8683e+28

   3.1712e+27  -1.4247e+28
   1.8655e+29  -2.4251e+28
   3.7409e+28  -6.4481e+28

   5.7639e+28  -3.8621e+28
   4.1890e+29  -5.0708e+28
   8.4096e+28  -1.4495e+29

   2.4309e+29  -1.0063e+29
   9.2694e+29  -1.0364e+29
   1.8905e+29  -3.2585e+29

   7.9790e+29  -2.5447e+29
   2.0198e+30  -2.0595e+29
   4.2497e+29  -7.3250e+29

   2.3421e+30  -6.2832e+29
   4.3287e+30  -3.9452e+29
   9.5529e+29  -1.6466e+30

   6.4415e+30  -1.5205e+30
   9.1056e+30  -7.1758e+29
   2.1474e+30  -3.7014e+30

   1.6958e+31  -3.6155e+30
   1.8744e+31  -1.2030e+30
   4.8271e+30  -8.3202e+30

   4.3230e+31  -8.4604e+30
   3.7583e+31  -1.7280e+30
   1.0850e+31  -1.8702e+31

   1.0744e+32  -1.9504e+31
   7.2860e+31  -1.5977e+30
   2.4390e+31  -4.2039e+31

   2.6147e+32  -4.4316e+31
   1.3485e+32   1.6849e+30
   5.4823e+31  -9.4495e+31

   6.2480e+32  -9.9253e+31
   2.3263e+32   1.5787e+31
   1.2323e+32  -2.1240e+32

   1.4688e+33  -2.1904e+32
   3.5427e+32   6.2390e+31
   2.7698e+32  -4.7741e+32

   3.4006e+33  -4.7595e+32
   3.9948e+32   1.9967e+32
   6.2256e+32  -1.0731e+33

   7.7593e+33  -1.0168e+33
  -2.1766e+31   5.7810e+32
   1.3993e+33  -2.4119e+33

   1.7452e+34  -2.1313e+33
  -2.1496e+33   1.5760e+33
   3.1451e+33  -5.4211e+33

   3.8685e+34  -4.3687e+33
  -9.5613e+33   4.1229e+33
   7.0690e+33  -1.2184e+34

   8.4450e+34  -8.7131e+33
  -3.1986e+34   1.0459e+34
   1.5888e+34  -2.7385e+34

   1.8135e+35  -1.6772e+34
  -9.4830e+34   2.5891e+34
   3.5709e+34  -6.1549e+34

   3.8235e+35  -3.0727e+34
  -2.6246e+35   6.2795e+34
   8.0257e+34  -1.3833e+35

   7.8921e+35  -5.2131e+34
  -6.9405e+35   1.4960e+35
   1.8038e+35  -3.1090e+35

   1.5877e+36  -7.6786e+34
  -1.7752e+36   3.5071e+35
   4.0538e+35  -6.9873e+35

   3.0917e+36  -7.7802e+34
  -4.4241e+36   8.0988e+35
   9.1107e+35  -1.5703e+36

   5.7581e+36   4.4244e+34
  -1.0791e+37   1.8432e+36
   2.0475e+36  -3.5291e+36

   1.0033e+37   5.9866e+35
  -2.5839e+37   4.1352e+36
   4.6015e+36  -7.9312e+36

   1.5578e+37   2.4667e+36
  -6.0853e+37   9.1419e+36
   1.0341e+37  -1.7824e+37

   1.8571e+37   8.0256e+36
  -1.4113e+38   1.9901e+37
   2.3240e+37  -4.0056e+37

   3.5654e+36   2.3446e+37
  -3.2257e+38   4.2603e+37
   5.2226e+37  -9.0016e+37

  -7.9332e+37   6.4290e+37
  -7.2674e+38   8.9505e+37
   1.1736e+38  -2.0229e+38

  -3.7530e+38   1.6889e+38
  -1.6137e+39   1.8397e+38
   2.6374e+38  -4.5458e+38

  -1.2814e+39   4.2982e+38
  -3.5291e+39   3.6820e+38
   5.9267e+38  -1.0215e+39

  -3.8389e+39   1.0668e+39
  -7.5933e+39   7.1203e+38
   1.3318e+39  -2.2955e+39

  -1.0694e+40   2.5931e+39
  -1.6045e+40   1.3132e+39
   2.9928e+39  -5.1583e+39

  -2.8406e+40   6.1900e+39
  -3.3205e+40   2.2523e+39
   6.7250e+39  -1.1591e+40

  -7.2906e+40   1.4538e+40
  -6.7018e+40   3.3913e+39
   1.5111e+40  -2.6046e+40

  -1.8219e+41   3.3628e+40
  -1.3105e+41   3.6934e+39
   3.3956e+40  -5.8525e+40

  -4.4542e+41   7.6663e+40
  -2.4552e+41  -7.9685e+38
   7.6298e+40  -1.3151e+41

  -1.0687e+42   1.7228e+41
  -4.3179e+41  -2.2555e+40
   1.7144e+41  -2.9549e+41

  -2.5215e+42   3.8152e+41
  -6.8213e+41  -9.7404e+40
   3.8521e+41  -6.6394e+41

  -5.8581e+42   8.3205e+41
  -8.5196e+41  -3.2248e+41
   8.6553e+41  -1.4918e+42

  -1.3412e+43   1.7848e+42
  -3.3050e+41  -9.5092e+41
   1.9447e+42  -3.3519e+42

  -3.0266e+43   3.7584e+42
   2.8883e+42  -2.6229e+42
   4.3695e+42  -7.5311e+42

  -6.7318e+43   7.7462e+42
   1.4695e+43  -6.9194e+42
   9.8175e+42  -1.6921e+43

  -1.4749e+44   1.5555e+43
   5.1293e+43  -1.7667e+43
   2.2058e+43  -3.8017e+43

  -3.1797e+44   3.0217e+43
   1.5535e+44  -4.3963e+43
   4.9558e+43  -8.5415e+43

  -6.7337e+44   5.6084e+43
   4.3565e+44  -1.0710e+44
   1.1134e+44  -1.9190e+44

  -1.3972e+45   9.7192e+43
   1.1626e+45  -2.5617e+44
   2.5015e+44  -4.3114e+44

  -2.8289e+45   1.4932e+44
   2.9941e+45  -6.0271e+44
   5.6200e+44  -9.6862e+44

  -5.5544e+45   1.7279e+44
   7.5029e+45  -1.3966e+45
   1.2626e+45  -2.1761e+45

  -1.0466e+46   1.0654e+43
   1.8386e+46  -3.1891e+45
   2.8365e+45  -4.8888e+45

  -1.8572e+46  -8.3949e+44
   4.4203e+46  -7.1785e+45
   6.3723e+45  -1.0983e+46

  -2.9819e+46  -3.8325e+45
   1.0449e+47  -1.5925e+46
   1.4316e+46  -2.4673e+46

  -3.8805e+46  -1.2935e+46
   2.4317e+47  -3.4794e+46
   3.2160e+46  -5.5428e+46

  -2.1476e+46  -3.8524e+46
   5.5765e+47  -7.4785e+46
   7.2245e+46  -1.2452e+47

   1.0265e+47  -1.0693e+47
   1.2605e+48  -1.5784e+47
   1.6229e+47  -2.7971e+47

   5.7224e+47  -2.8332e+47
   2.8085e+48  -3.2620e+47
   3.6457e+47  -6.2834e+47

   2.0479e+48  -7.2579e+47
   6.1642e+48  -6.5725e+47
   8.1896e+47  -1.4115e+48

   6.2766e+48  -1.8110e+48
   1.3315e+49  -1.2823e+48
   1.8396e+48  -3.1706e+48

   1.7727e+49  -4.4219e+48
   2.8260e+49  -2.3950e+48
   4.1324e+48  -7.1221e+48

   4.7537e+49  -1.0598e+49
   5.8787e+49  -4.1917e+48
   9.2823e+48  -1.5998e+49

   1.2287e+50  -2.4980e+49
   1.1940e+50  -6.5622e+48
   2.0850e+49  -3.5935e+49

   3.0879e+50  -5.7980e+49
   2.3539e+50  -8.0026e+48
   4.6833e+49  -8.0716e+49

   7.5850e+50  -1.3262e+50
   4.4603e+50  -2.3092e+48
   1.0519e+50  -1.8130e+50

   1.8274e+51  -2.9902e+50
   7.9821e+50   3.0708e+49
   2.3628e+50  -4.0722e+50

   4.3277e+51  -6.6449e+50
   1.3012e+51   1.5005e+50
   5.3071e+50  -9.1465e+50

   1.0089e+52  -1.4545e+51
   1.7562e+51   5.1750e+50
   1.1920e+51  -2.0544e+51

   2.3176e+52  -3.1324e+51
   1.2198e+51   1.5581e+51
   2.6772e+51  -4.6141e+51

   5.2477e+52  -6.6260e+51
  -3.5302e+51   4.3538e+51
   6.0130e+51  -1.0363e+52

   1.1712e+53  -1.3730e+52
  -2.2150e+52   1.1590e+52
   1.3505e+52  -2.3275e+52

   2.5751e+53  -2.7753e+52
  -8.1545e+52   2.9794e+52
   3.0331e+52  -5.2274e+52

   5.5731e+53  -5.4377e+52
  -2.5319e+53   7.4549e+52
   6.8120e+52  -1.1740e+53

   1.1854e+54  -1.0216e+53
  -7.2056e+53   1.8245e+53
   1.5299e+53  -2.6366e+53

   2.4719e+54  -1.8046e+53
  -1.9422e+54   4.3818e+53
   3.4358e+53  -5.9213e+53

   5.0359e+54  -2.8739e+53
  -5.0391e+54   1.0347e+54
   7.7160e+53  -1.3298e+54

   9.9661e+54  -3.6645e+53
  -1.2701e+55   2.4059e+54
   1.7328e+54  -2.9864e+54

   1.8984e+55  -1.7304e+53
  -3.1276e+55   5.5125e+54
   3.8914e+54  -6.7065e+54

   3.4245e+55   1.1033e+54
  -7.5511e+55   1.2450e+55
   8.7387e+54  -1.5061e+55

   5.6604e+55   5.8535e+54
  -1.7917e+56   2.7713e+55
   1.9624e+55  -3.3820e+55

   7.8840e+55   2.0674e+55
  -4.1845e+56   6.0767e+55
   4.4068e+55  -7.5947e+55

   6.4078e+55   6.2971e+55
  -9.6285e+56   1.3113e+56
   9.8957e+55  -1.7054e+56

  -1.1656e+56   1.7719e+56
  -2.1837e+57   2.7798e+56
   2.2221e+56  -3.8296e+56

  -8.5359e+56   4.7395e+56
  -4.8818e+57   5.7746e+56
   4.9897e+56  -8.5993e+56

  -3.2425e+57   1.2228e+57
  -1.0753e+58   1.1709e+57
   1.1204e+57  -1.9309e+57

  -1.0207e+58   3.0683e+57
  -2.3315e+58   2.3035e+57
   2.5158e+57  -4.3357e+57

  -2.9280e+58   7.5273e+57
  -4.9695e+58   4.3519e+57
   5.6489e+57  -9.7353e+57

  -7.9338e+58   1.8115e+58
  -1.0388e+59   7.7532e+57
   1.2684e+58  -2.1859e+58

  -2.0664e+59   4.2858e+58
  -2.1225e+59   1.2539e+58
   2.8479e+58  -4.9080e+58

  -5.2242e+59   9.9826e+58
  -4.2161e+59   1.6607e+58
   6.3943e+58  -1.1020e+59

  -1.2896e+60   2.2911e+59
  -8.0716e+59   1.0333e+58
   1.4357e+59  -2.4742e+59

  -3.1202e+60   5.1829e+59
  -1.4669e+60  -3.8793e+58
   3.2234e+59  -5.5551e+59

  -7.4178e+60   1.1556e+60
  -2.4555e+60  -2.2764e+59
   7.2370e+59  -1.2472e+60

  -1.7355e+61   2.5386e+60
  -3.5163e+60  -8.2513e+59
   1.6248e+60  -2.8001e+60

  -4.0002e+61   5.4884e+60
  -3.2120e+60  -2.5440e+60
   3.6478e+60  -6.2864e+60

  -9.0874e+61   1.1660e+61
   3.6052e+60  -7.2103e+60
   8.1894e+60  -1.4113e+61

  -2.0349e+62   2.4283e+61
   3.2720e+61  -1.9381e+61
   1.8385e+61  -3.1684e+61

  -4.4900e+62   4.9390e+61
   1.2872e+62  -5.0183e+61
   4.1275e+61  -7.1130e+61

  -9.7542e+62   9.7539e+61
   4.1121e+62  -1.2629e+62
   9.2659e+61  -1.5968e+62

  -2.0834e+63   1.8527e+62
   1.1894e+63  -3.1056e+62
   2.0801e+62  -3.5847e+62

  -4.3656e+63   3.3277e+62
   3.2402e+63  -7.4894e+62
   4.6695e+62  -8.0471e+62

  -8.9454e+63   5.4596e+62
   8.4727e+63  -1.7752e+63
   1.0482e+63  -1.8064e+63

  -1.7833e+64   7.4775e+62
   2.1486e+64  -4.1422e+63
   2.3530e+63  -4.0550e+63

  -3.4308e+64   5.6091e+62
   5.3173e+64  -9.5225e+63
   5.2819e+63  -9.1024e+63

  -6.2797e+64  -1.3163e+63
   1.2893e+65  -2.1578e+64
   1.1856e+64  -2.0432e+64

  -1.0639e+65  -8.8039e+63
   3.0710e+65  -4.8194e+64
   2.6613e+64  -4.5863e+64

  -1.5622e+65  -3.2858e+64
   7.1979e+65  -1.0606e+65
   5.9736e+64  -1.0294e+65

  -1.5663e+65  -1.0265e+65
   1.6618e+66  -2.2973e+65
   1.3408e+65  -2.3107e+65

   9.7525e+64  -2.9315e+65
   3.7816e+66  -4.8911e+65
   3.0095e+65  -5.1863e+65

   1.2433e+66  -7.9203e+65
   8.4822e+66  -1.0211e+66
   6.7549e+65  -1.1641e+66

   5.0939e+66  -2.0585e+66
   1.8749e+67  -2.0831e+66
   1.5161e+66  -2.6127e+66

   1.6537e+67  -5.1957e+66
   4.0805e+67  -4.1298e+66
   3.4028e+66  -5.8640e+66

   4.8257e+67  -1.2809e+67
   8.7336e+67  -7.8854e+66
   7.6371e+66  -1.3161e+67

   1.3222e+68  -3.0954e+67
   1.8344e+68  -1.4275e+67
   1.7140e+67  -2.9537e+67

   3.4717e+68  -7.3512e+67
   3.7695e+68  -2.3737e+67
   3.8468e+67  -6.6290e+67

   8.8318e+68  -1.7183e+68
   7.5414e+68  -3.3507e+67
   8.6331e+67  -1.4877e+68

   2.1913e+69  -3.9569e+68
   1.4577e+69  -2.8871e+67
   1.9374e+68  -3.3387e+68

   5.3251e+69  -8.9811e+68
   2.6866e+69   4.2168e+67
   4.3479e+68  -7.4926e+68

   1.2709e+70  -2.0093e+69
   4.6030e+69   3.3803e+68
   9.7573e+68  -1.6814e+69

   2.9841e+70  -4.4294e+69
   6.9160e+69   1.3046e+69
   2.1896e+69  -3.7733e+69

   6.9014e+70  -9.6129e+69
   7.4818e+69   4.1344e+69
   4.9136e+69  -8.4673e+69

   1.5731e+71  -2.0510e+70
  -1.8512e+69   1.1905e+70
   1.1026e+70  -1.9001e+70

   3.5343e+71  -4.2923e+70
  -4.6755e+70   3.2339e+70
   2.4742e+70  -4.2636e+70

   7.8256e+71  -8.7820e+70
  -2.0089e+71   8.4383e+70
   5.5519e+70  -9.5672e+70

   1.7064e+72  -1.7475e+71
  -6.6387e+71   2.1364e+71
   1.2458e+71  -2.1467e+71

   3.6595e+72  -3.3533e+71
  -1.9557e+72   5.2799e+71
   2.7953e+71  -4.8169e+71

   7.7043e+72  -6.1153e+71
  -5.3911e+72   1.2788e+72
   6.2720e+71  -1.0808e+72

   1.5875e+73  -1.0297e+72
  -1.4216e+73   3.0428e+72
   1.4073e+72  -2.4250e+72

   3.1869e+73  -1.4929e+72
  -3.6284e+73   7.1249e+72
   3.1575e+72  -5.4410e+72

   6.1879e+73  -1.4298e+72
  -9.0266e+73   1.6435e+73
   7.0842e+72  -1.2208e+73

   1.1478e+74   1.2331e+72
  -2.1985e+74   3.7366e+73
   1.5894e+73  -2.7389e+73

   1.9873e+74   1.2892e+73
  -5.2574e+74   8.3738e+73
   3.5659e+73  -6.1448e+73

   3.0479e+74   5.1681e+73
  -1.2367e+75   1.8492e+74
   8.0002e+73  -1.3786e+74

   3.5089e+74   1.6635e+74
  -2.8651e+75   4.0206e+74
   1.7948e+74  -3.0928e+74

   1.3679e+73   4.8316e+74
  -6.5414e+75   8.5959e+74
   4.0265e+74  -6.9384e+74

  -1.7405e+75   1.3199e+75
  -1.4722e+76   1.8032e+75
   9.0329e+74  -1.5565e+75

  -7.9026e+75   3.4580e+75
  -3.2653e+76   3.6998e+75
   2.0264e+75  -3.4918e+75

  -2.6623e+76   8.7822e+75
  -7.1328e+76   7.3882e+75
   4.5457e+75  -7.8330e+75

  -7.9215e+76   2.1761e+76
  -1.5328e+77   1.4245e+76
   1.0197e+76  -1.7571e+76

  -2.1974e+77   5.2819e+76
  -3.2342e+77   2.6159e+76
   2.2874e+76  -3.9415e+76

  -5.8199e+77   1.2593e+77
  -6.6820e+77   4.4555e+76
   5.1309e+76  -8.8413e+76

  -1.4904e+78   2.9540e+77
  -1.3458e+78   6.6150e+76
   1.1509e+77  -1.9832e+77

  -3.7179e+78   6.8255e+77
  -2.6245e+78   6.8846e+76
   2.5815e+77  -4.4483e+77

  -9.0760e+78   1.5544e+78
  -4.8985e+78  -2.9925e+76
   5.7903e+77  -9.9774e+77

  -2.1747e+79   3.4893e+78
  -8.5639e+78  -4.8825e+77
   1.2987e+78  -2.2379e+78

  -5.1251e+79   7.7187e+78
  -1.3380e+79  -2.0434e+78
   2.9129e+78  -5.0193e+78

  -1.1894e+80   1.6814e+79
  -1.6227e+79  -6.6878e+78
   6.5332e+78  -1.1257e+79

  -2.7201e+80   3.6021e+79
  -4.3041e+78  -1.9601e+79
   1.4652e+79  -2.5248e+79

  -6.1319e+80   7.5739e+79
   6.3971e+79  -5.3856e+79
   3.2862e+79  -5.6624e+79

  -1.3624e+81   1.5583e+80
   3.0997e+80  -1.4169e+80
   7.3698e+79  -1.2699e+80

  -2.9814e+81   3.1226e+80
   1.0663e+81  -3.6099e+80
   1.6528e+80  -2.8479e+80

  -6.4195e+81   6.0484e+80
   3.2066e+81  -8.9679e+80
   3.7065e+80  -6.3866e+80

  -1.3576e+82   1.1181e+81
   8.9531e+81  -2.1816e+81
   8.3120e+80  -1.4322e+81

  -2.8121e+82   1.9250e+81
   2.3821e+82  -5.2113e+81
   1.8639e+81  -3.2117e+81

  -5.6824e+82   2.9202e+81
   6.1211e+82  -1.2247e+82
   4.1798e+81  -7.2020e+81

  -1.1128e+83   3.2546e+81
   1.5311e+83  -2.8346e+82
   9.3726e+81  -1.6150e+82

  -2.0893e+83  -3.5228e+80
   3.7464e+83  -6.4661e+82
   2.1016e+82  -3.6212e+82

  -3.6865e+83  -1.8300e+82
   8.9951e+83  -1.4539e+83
   4.7124e+82  -8.1198e+82

  -5.8593e+83  -8.0542e+82
   2.1237e+84  -3.2218e+83
   1.0566e+83  -1.8206e+83

  -7.4333e+83  -2.6845e+83
   4.9371e+84  -7.0311e+83
   2.3691e+83  -4.0821e+83

  -3.3578e+83  -7.9440e+83
   1.1310e+85  -1.5093e+84
   5.3118e+83  -9.1525e+83

   2.3066e+84  -2.1961e+84
   2.5538e+85  -3.1809e+84
   1.1909e+84  -2.0520e+84

   1.2104e+85  -5.8024e+84
   5.6837e+85  -6.5626e+84
   2.6701e+84  -4.6006e+84

   4.2623e+85  -1.4832e+85
   1.2461e+86  -1.3195e+85
   5.9862e+84  -1.0314e+85

   1.2964e+86  -3.6945e+85
   2.6882e+86  -2.5673e+85
   1.3420e+85  -2.3123e+85

   3.6447e+86  -9.0078e+85
   5.6976e+86  -4.7761e+85
   3.0086e+85  -5.1838e+85

   9.7433e+86  -2.1561e+86
   1.1833e+87  -8.3075e+85
   6.7446e+85  -1.1621e+86

   2.5126e+87  -5.0761e+86
   2.3986e+87  -1.2854e+86
   1.5119e+86  -2.6051e+86

   6.3028e+87  -1.1769e+87
   4.7165e+87  -1.5179e+86
   3.3892e+86  -5.8396e+86

   1.5458e+88  -2.6892e+87
   8.9058e+87  -2.2887e+85
   7.5973e+86  -1.3090e+87

   3.7192e+88  -6.0568e+87
   1.5853e+88   6.7658e+86
   1.7030e+87  -2.9342e+87

   8.7974e+88  -1.3445e+88
   2.5599e+88   3.1622e+87
   3.8172e+87  -6.5768e+87

   2.0487e+89  -2.9394e+88
   3.3778e+88   1.0755e+88
   8.5559e+87  -1.4741e+88

   4.7010e+89  -6.3224e+88
   2.0532e+88   3.2157e+88
   1.9177e+88  -3.3041e+88

   1.0633e+90  -1.3355e+89
  -8.1083e+88   8.9471e+88
   4.2981e+88  -7.4054e+88

   2.3704e+90  -2.7626e+89
  -4.7032e+89   2.3747e+89
   9.6330e+88  -1.6597e+89

   5.2061e+90  -5.5728e+89
  -1.7000e+90   6.0909e+89
   2.1589e+89  -3.7197e+89

   1.1253e+91  -1.0889e+90
  -5.2346e+90   1.5213e+90
   4.8384e+89  -8.3362e+89

   2.3902e+91  -2.0382e+90
  -1.4825e+91   3.7178e+90
   1.0843e+90  -1.8682e+90

   4.9766e+91  -3.5793e+90
  -3.9827e+91   8.9169e+90
   2.4299e+90  -4.1866e+90

   1.0119e+92  -5.6390e+90
  -1.0309e+92   2.1032e+91
   5.4453e+90  -9.3817e+90

   1.9976e+92  -6.9928e+90
  -2.5934e+92   4.8848e+91
   1.2202e+91  -2.1023e+91

   3.7924e+92  -2.5073e+90
  -6.3759e+92   1.1180e+92
   2.7342e+91  -4.7108e+91

   6.8064e+92   2.4631e+91
  -1.5373e+93   2.5223e+92
   6.1267e+91  -1.0556e+92

   1.1152e+93   1.2372e+92
  -3.6431e+93   5.6084e+92
   1.3728e+92  -2.3652e+92

   1.5227e+93   4.3022e+92
  -8.4989e+93   1.2284e+93
   3.0759e+92  -5.2993e+92

   1.1247e+93   1.3006e+93
  -1.9535e+94   2.6474e+93
   6.8916e+92  -1.1873e+93

  -2.7589e+93   3.6432e+93
  -4.4257e+94   5.6043e+93
   1.5440e+93  -2.6602e+93

  -1.8191e+94   9.7147e+93
  -9.8831e+94   1.1623e+94
   3.4593e+93  -5.9598e+93

  -6.7692e+94   2.5005e+94
  -2.1744e+95   2.3522e+94
   7.7499e+93  -1.3352e+94

  -2.1119e+95   6.2631e+94
  -4.7092e+95   4.6152e+94
   1.7362e+94  -2.9912e+94

  -6.0268e+95   1.5342e+95
  -1.0024e+96   8.6883e+94
   3.8894e+94  -6.7007e+94

  -1.6275e+96   3.6871e+95
  -2.0921e+96   1.5394e+95
   8.7127e+94  -1.5010e+95

  -4.2283e+96   8.7128e+95
  -4.2666e+96   2.4653e+95
   1.9517e+95  -3.3624e+95

  -1.0669e+97   2.0271e+96
  -8.4550e+96   3.1877e+95
   4.3717e+95  -7.5316e+95

  -2.6295e+97   4.6474e+96
  -1.6135e+97   1.6832e+95
   9.7923e+95  -1.6870e+96

  -6.3532e+97   1.0502e+97
  -2.9183e+97  -8.7971e+95
   2.1933e+96  -3.7786e+96

  -1.5085e+98   2.3392e+97
  -4.8459e+97  -4.8232e+96
   4.9125e+96  -8.4631e+96

  -3.5253e+98   5.1326e+97
  -6.8185e+97  -1.7186e+97
   1.1002e+97  -1.8955e+97

  -8.1167e+98   1.1083e+98
  -5.7958e+97  -5.2567e+97
   2.4641e+97  -4.2451e+97

  -1.8420e+99   2.3513e+98
   8.9377e+97  -1.4829e+98
   5.5185e+97  -9.5070e+97

  -4.1202e+99   4.8890e+98
   6.9986e+98  -3.9732e+98
   1.2358e+98  -2.1290e+98

  -9.0811e+99   9.9245e+98
   2.6903e+99  -1.0264e+99
   2.7675e+98  -4.7677e+98

 -1.9704e+100   1.9551e+99
   8.5122e+99  -2.5780e+99
   6.1973e+98  -1.0676e+99

 -4.2029e+100   3.7010e+99
  2.4488e+100  -6.3300e+99
   1.3877e+99  -2.3907e+99

 -8.7936e+100   6.6133e+99
  6.6479e+100 -1.5245e+100
   3.1073e+99  -5.3530e+99

 -1.7986e+101  1.0752e+100
  1.7339e+101 -3.6092e+100
   6.9575e+99 -1.1986e+100

 -3.5774e+101  1.4420e+100
  4.3883e+101 -8.4118e+100
  1.5578e+100 -2.6836e+100

 -6.8609e+101   9.6702e+99
  1.0842e+102 -1.9317e+101
  3.4877e+100 -6.0083e+100

 -1.2501e+102 -3.0546e+100
  2.6253e+102 -4.3726e+101
  7.8084e+100 -1.3451e+101

 -2.1020e+102 -1.8712e+101
  6.2454e+102 -9.7556e+101
  1.7481e+101 -3.0114e+101

 -3.0386e+102 -6.8517e+101
  1.4621e+103 -2.1444e+102
  3.9134e+101 -6.7415e+101

 -2.8780e+102 -2.1222e+102
  3.3721e+103 -4.6393e+102
  8.7604e+101 -1.5091e+102

  2.6548e+102 -6.0312e+102
  7.6652e+103 -9.8640e+102
  1.9610e+102 -3.3781e+102

  2.6727e+103 -1.6241e+103
  1.7175e+104 -2.0561e+103
  4.3895e+102 -7.5616e+102

  1.0664e+104 -4.2109e+103
  3.7920e+104 -4.1865e+103
  9.8252e+102 -1.6925e+103

  3.4261e+104 -1.0608e+104
  8.2433e+104 -8.2796e+103
  2.1991e+103 -3.7882e+103

  9.9406e+104 -2.6110e+104
  1.7620e+105 -1.5757e+104
  4.9219e+103 -8.4784e+103

  2.7137e+105 -6.3014e+104
  3.6954e+105 -2.8384e+104
  1.1015e+104 -1.8975e+104

  7.1064e+105 -1.4947e+105
  7.5798e+105 -4.6803e+104
  2.4652e+104 -4.2465e+104

  1.8042e+106 -3.4897e+105
  1.5131e+106 -6.4838e+104
  5.5168e+104 -9.5030e+104

  4.4690e+106 -8.0274e+105
  2.9159e+106 -5.1401e+104
  1.2345e+105 -2.1265e+105

  1.0845e+107 -1.8201e+106
  5.3508e+106  1.0169e+105
  2.7625e+105 -4.7585e+105

  2.5849e+107 -4.0677e+106
  9.1029e+106  7.2160e+105
  6.1812e+105 -1.0647e+106

  6.0626e+107 -8.9568e+106
  1.3483e+107  2.7249e+106
  1.3830e+106 -2.3823e+106

  1.4006e+108 -1.9415e+107
  1.3922e+107  8.5561e+106
  3.0944e+106 -5.3302e+106

  3.1890e+108 -4.1367e+107
 -6.5979e+106  2.4508e+107
  6.9231e+106 -1.1925e+107

  7.1573e+108 -8.6440e+107
 -1.0119e+108  6.6343e+107
  1.5488e+107 -2.6679e+107

  1.5830e+109 -1.7653e+108
 -4.2146e+108  1.7268e+108
  3.4649e+107 -5.9682e+107

  3.4476e+109 -3.5043e+108
 -1.3769e+109  4.3631e+108
  7.7509e+107 -1.3351e+108

  7.3842e+109 -6.7032e+108
 -4.0315e+109  1.0766e+109
  1.7338e+108 -2.9864e+108

  1.5523e+110 -1.2167e+109
 -1.1070e+110  2.6038e+109
  3.8781e+108 -6.6798e+108

  3.1929e+110 -2.0326e+109
 -2.9111e+110  6.1879e+109
  8.6740e+108 -1.4941e+109

  6.3958e+110 -2.8978e+109
 -7.4144e+110  1.4473e+110
  1.9400e+109 -3.3415e+109

  1.2383e+111 -2.6012e+109
 -1.8414e+111  3.3349e+110
  4.3387e+109 -7.4731e+109

  2.2875e+111  3.1770e+109
 -4.4784e+111  7.5739e+110
  9.7029e+109 -1.6712e+110

  3.9343e+111  2.7656e+110
 -1.0696e+112  1.6955e+111
  2.1698e+110 -3.7373e+110

  5.9560e+111  1.0814e+111
 -2.5131e+112  3.7400e+111
  4.8520e+110 -8.3570e+110

  6.5963e+111  3.4457e+111
 -5.8156e+112  8.1222e+111
  1.0849e+111 -1.8686e+111

 -9.0560e+110  9.9521e+111
 -1.3264e+113  1.7342e+112
  2.4258e+111 -4.1780e+111

 -3.7952e+112  2.7088e+112
 -2.9819e+113  3.6324e+112
  5.4235e+111 -9.3411e+111

 -1.6613e+113  7.0783e+112
 -6.6064e+113  7.4394e+112
  1.2125e+112 -2.0883e+112

 -5.5269e+113  1.7941e+113
 -1.4415e+114  1.4822e+113
  2.7106e+112 -4.6686e+112

 -1.6339e+114  4.4380e+113
 -3.0936e+114  2.8492e+113
  6.0594e+112 -1.0436e+113

 -4.5139e+114  1.0757e+114
 -6.5182e+114  5.2089e+113
  1.3545e+113 -2.3328e+113

 -1.1921e+115  2.5613e+114
 -1.3444e+115  8.8073e+113
  3.0275e+113 -5.2141e+113

 -3.0463e+115  6.0015e+114
 -2.7020e+115  1.2881e+114
  6.7665e+113 -1.1654e+114

 -7.5858e+115  1.3852e+115
 -5.2547e+115  1.2731e+114
  1.5123e+114 -2.6045e+114

 -1.8491e+116  3.1512e+115
 -9.7691e+115 -8.8632e+113
  3.3796e+114 -5.8205e+114

 -4.4250e+116  7.0662e+115
 -1.6974e+116 -1.0527e+115
  7.5524e+114 -1.3007e+115

 -1.0416e+117  1.5614e+116
 -2.6209e+116 -4.2819e+115
  1.6876e+115 -2.9064e+115

 -2.4145e+117  3.3972e+116
 -3.0767e+116 -1.3862e+116
  3.7708e+115 -6.4940e+115

 -5.5160e+117  7.2684e+116
 -3.8459e+115 -4.0389e+116
  8.4249e+115 -1.4509e+116

 -1.2422e+118  1.5260e+117
  1.4071e+117 -1.1056e+117
  1.8822e+116 -3.2415e+116

 -2.7568e+118  3.1342e+117
  6.5293e+117 -2.9007e+117
  4.2049e+116 -7.2415e+116

 -6.0259e+118  6.2666e+117
  2.2156e+118 -7.3754e+117
  9.3931e+116 -1.6176e+117

 -1.2958e+119  1.2103e+118
  6.6167e+118 -1.8291e+118
  2.0981e+117 -3.6132e+117

 -2.7365e+119  2.2279e+118
  1.8396e+119 -4.4433e+118
  4.6863e+117 -8.0703e+117

 -5.6591e+119  3.8097e+118
  4.8801e+119 -1.0601e+119
  1.0466e+118 -1.8024e+118

 -1.1412e+120  5.7015e+118
  1.2513e+120 -2.4883e+119
  2.3374e+118 -4.0252e+118

 -2.2288e+120  6.0909e+118
  3.1243e+120 -5.7531e+119
  5.2197e+118 -8.9886e+118

 -4.1689e+120 -1.8729e+118
  7.6333e+120 -1.3110e+120
  1.1655e+119 -2.0071e+119

 -7.3132e+120 -3.9710e+119
  1.8304e+121 -2.9446e+120
  2.6024e+119 -4.4814e+119

 -1.1499e+121 -1.6908e+120
  4.3164e+121 -6.5178e+120
  5.8102e+119 -1.0005e+120

 -1.4186e+121 -5.5690e+120
  1.0023e+122 -1.4207e+121
  1.2971e+120 -2.2336e+120

 -4.7788e+120 -1.6377e+121
  2.2936e+122 -3.0459e+121
  2.8955e+120 -4.9860e+120

  5.1350e+121 -4.5096e+121
  5.1737e+122 -6.4099e+121
  6.4633e+120 -1.1129e+121

  2.5562e+122 -1.1882e+122
  1.1502e+123 -1.3201e+122
  1.4426e+121 -2.4840e+121

  8.8656e+122 -3.0309e+122
  2.5187e+123 -2.6486e+122
  3.2195e+121 -5.5437e+121

  2.6767e+123 -7.5367e+122
  5.4270e+123 -5.1387e+122
  7.1848e+121 -1.2371e+122

  7.4920e+123 -1.8349e+123
  1.1486e+124 -9.5214e+122
  1.6032e+122 -2.7606e+122

  1.9967e+124 -4.3863e+123
  2.3815e+124 -1.6455e+123
  3.5772e+122 -6.1595e+122

  5.1374e+124 -1.0315e+124
  4.8178e+124 -2.5148e+123
  7.9811e+122 -1.3742e+123

  1.2864e+125 -2.3889e+124
  9.4491e+124 -2.8655e+123
  1.7805e+123 -3.0657e+123

  3.1501e+125 -5.4526e+124
  1.7778e+125  2.0675e+121
  3.9717e+123 -6.8385e+123

  7.5692e+125 -1.2268e+125
  3.1470e+125  1.4810e+124
  8.8589e+123 -1.5253e+124

  1.7883e+126 -2.7201e+125
  5.0314e+125  6.6538e+124
  1.9758e+124 -3.4018e+124

  4.1598e+126 -5.9402e+125
  6.4787e+125  2.2336e+125
  4.4062e+124 -7.5863e+124

  9.5350e+126 -1.2761e+126
  3.3140e+125  6.6339e+125
  9.8254e+124 -1.6917e+125

  2.1543e+127 -2.6915e+126
 -1.8360e+126  1.8381e+126
  2.1908e+125 -3.7718e+125

  4.7975e+127 -5.5582e+126
 -9.9641e+126  4.8645e+126
  4.8843e+125 -8.4090e+125

  1.0525e+128 -1.1189e+127
 -3.5409e+127  1.2450e+127
  1.0888e+126 -1.8746e+126

  2.2722e+128 -2.1804e+127
 -1.0817e+128  3.1042e+127
  2.4270e+126 -4.1784e+126

  4.8195e+128 -4.0653e+127
 -3.0490e+128  7.5748e+127
  5.4094e+126 -9.3128e+126

  1.0018e+129 -7.0959e+127
 -8.1651e+128  1.8144e+128
  1.2055e+127 -2.0754e+127

  2.0330e+129 -1.1053e+128
 -2.1084e+129  4.2745e+128
  2.6864e+127 -4.6246e+127

  4.0034e+129 -1.3295e+128
 -5.2943e+129  9.9169e+128
  5.9855e+127 -1.0304e+128

  7.5740e+129 -3.0622e+127
 -1.2996e+130  2.2673e+129
  1.3335e+128 -2.2956e+128

  1.3523e+130  5.4501e+128
 -3.1292e+130  5.1097e+129
  2.9705e+128 -5.1136e+128

  2.1953e+130  2.6098e+129
 -7.4068e+130  1.1349e+130
  6.6164e+128 -1.1390e+129

  2.9338e+130  8.9450e+129
 -1.7260e+131  2.4829e+130
  1.4736e+129 -2.5366e+129

  1.9277e+130  2.6849e+130
 -3.9629e+131  5.3443e+130
  3.2814e+129 -5.6485e+129

 -6.3930e+130  7.4881e+130
 -8.9686e+131  1.1298e+131
  7.3063e+129 -1.2577e+130

 -3.8669e+131  1.9907e+131
 -2.0006e+132  2.3392e+131
  1.6266e+130 -2.7999e+130

 -1.4118e+132  5.1125e+131
 -4.3967e+132  4.7241e+131
  3.6209e+130 -6.2326e+130

 -4.3670e+132  1.2782e+132
 -9.5103e+132  9.2449e+131
  8.0592e+130 -1.3872e+131

 -1.2401e+133  3.1263e+132
 -2.0216e+133  1.7340e+132
  1.7935e+131 -3.0871e+131

 -3.3376e+133  7.5038e+132
 -4.2127e+133  3.0550e+132
  3.9909e+131 -6.8690e+131

 -8.6502e+133  1.7711e+133
 -8.5749e+133  4.8418e+132
  8.8791e+131 -1.5282e+132

 -2.1785e+134  4.1160e+133
 -1.6951e+134  6.0985e+132
  1.9752e+132 -3.3995e+132

 -5.3606e+134  9.4261e+133
 -3.2242e+134  2.5766e+132
  4.3933e+132 -7.5612e+132

 -1.2934e+135  2.1279e+134
 -5.8029e+134 -1.9726e+133
  9.7702e+132 -1.6815e+133

 -3.0673e+135  4.7343e+134
 -9.5543e+134 -1.0200e+134
  2.1725e+133 -3.7388e+133

 -7.1602e+135  1.0376e+135
 -1.3192e+135 -3.5769e+134
  4.8298e+133 -8.3120e+133

 -1.6468e+136  2.2377e+135
 -1.0293e+135 -1.0858e+135
  1.0736e+134 -1.8476e+134

 -3.7331e+136  4.7409e+135
  2.1430e+135 -3.0489e+135
  2.3861e+134 -4.1062e+134

 -8.3415e+136  9.8416e+135
  1.4930e+136 -8.1437e+135
  5.3023e+134 -9.1244e+134

 -1.8364e+137  1.9939e+136
  5.6179e+136 -2.0988e+136
  1.1780e+135 -2.0272e+135

 -3.9799e+137  3.9179e+136
  1.7613e+137 -5.2622e+136
  2.6169e+135 -4.5030e+135

 -8.4778e+137  7.3904e+136
  5.0405e+137 -1.2901e+137
  5.8120e+135 -1.0001e+136

 -1.7710e+138  1.3135e+137
  1.3637e+138 -3.1028e+137
  1.2906e+136 -2.2207e+136

 -3.6156e+138  2.1153e+137
  3.5478e+138 -7.3370e+137
  2.8654e+136 -4.9302e+136

 -7.1745e+138  2.7729e+137
  8.9616e+138 -1.7081e+138
  6.3603e+136 -1.0943e+137

 -1.3716e+139  1.6140e+137
  2.2106e+139 -3.9184e+138
  1.4115e+137 -2.4286e+137

 -2.4876e+139 -6.9780e+137
  5.3453e+139 -8.8600e+138
  3.1320e+137 -5.3885e+137

 -4.1498e+139 -3.9690e+138
  1.2700e+140 -1.9746e+139
  6.9479e+137 -1.1953e+138

 -5.8982e+139 -1.4277e+139
  2.9700e+140 -4.3354e+139
  1.5410e+138 -2.6511e+138

 -5.2294e+139 -4.3862e+139
  6.8422e+140 -9.3682e+139
  3.4170e+138 -5.8783e+138

  6.7597e+139 -1.2405e+140
  1.5537e+141 -1.9891e+140
  7.5750e+138 -1.3031e+139

  5.7276e+140 -3.3298e+140
  3.4774e+141 -4.1396e+140
  1.6789e+139 -2.8881e+139

  2.2303e+141 -8.6129e+140
  7.6691e+141 -8.4125e+140
  3.7202e+139 -6.3993e+139

  7.0946e+141 -2.1657e+141
  1.6652e+142 -1.6596e+141
  8.2413e+139 -1.4176e+140

  2.0471e+142 -5.3221e+141
  3.5545e+142 -3.1477e+141
  1.8252e+140 -3.1394e+140

  5.5685e+142 -1.2827e+142
  7.4435e+142 -5.6414e+141
  4.0412e+140 -6.9508e+140

  1.4545e+143 -3.0388e+142
  1.5240e+143 -9.2201e+141
  8.9453e+140 -1.5385e+141

  3.6852e+143 -7.0870e+142
  3.0352e+143 -1.2517e+142
  1.9795e+141 -3.4044e+141

  9.1134e+143 -1.6285e+143
  5.8314e+143 -8.9752e+141
  4.3791e+141 -7.5310e+141

  2.2084e+144 -3.6884e+143
  1.0653e+144  2.3898e+142
  9.6846e+141 -1.6654e+142

  5.2574e+144 -8.2341e+143
  1.7990e+144  1.5364e+143
  2.1411e+142 -3.6819e+142

  1.2316e+145 -1.8111e+144
  2.6243e+144  5.6863e+143
  4.7322e+142 -8.1372e+142

  2.8422e+145 -3.9210e+144
  2.5699e+144  1.7698e+144
  1.0455e+143 -1.7977e+143

  6.4645e+145 -8.3429e+144
 -1.9131e+144  5.0436e+144
  2.3092e+143 -3.9703e+143

  1.4493e+146 -1.7406e+145
 -2.1808e+145  1.3607e+145
  5.0983e+143 -8.7653e+143

  3.2019e+146 -3.5479e+145
 -8.8310e+145  3.5329e+145
  1.1252e+144 -1.9344e+144

  6.9652e+146 -7.0262e+145
 -2.8539e+146  8.9096e+145
  2.4823e+144 -4.2673e+144

  1.4899e+147 -1.3397e+146
 -8.3072e+146  2.1949e+146
  5.4740e+144 -9.4097e+144

  3.1273e+147 -2.4199e+146
 -2.2725e+147  5.3012e+146
  1.2066e+145 -2.0740e+145

  6.4211e+147 -4.0094e+146
 -5.9600e+147  1.2583e+147
  2.6586e+145 -4.5695e+145

  1.2834e+148 -5.6141e+146
 -1.5148e+148  2.9397e+147
  5.8550e+145 -1.0063e+146

  2.4774e+148 -4.6719e+146
 -3.7559e+148  6.7664e+147
  1.2888e+146 -2.2149e+146

  4.5572e+148  7.8092e+146
 -9.1215e+148  1.5351e+148
  2.8356e+146 -4.8726e+146

  7.7839e+148  5.9136e+147
 -2.1757e+149  3.4328e+148
  6.2353e+146 -1.0714e+147

  1.1623e+149  2.2600e+148
 -5.1062e+149  7.5636e+148
  1.3704e+147 -2.3545e+147

  1.2325e+149  7.1330e+148
 -1.1804e+150  1.6406e+149
  3.0100e+147 -5.1711e+147

 -4.2294e+148  2.0492e+149
 -2.6892e+150  3.4982e+149
  6.6074e+147 -1.1350e+148

 -8.2330e+149  5.5578e+149
 -6.0392e+150  7.3161e+149
  1.4495e+148 -2.4898e+148

 -3.4877e+150  1.4486e+150
 -1.3365e+151  1.4956e+150
  3.1777e+148 -5.4577e+148

 -1.1466e+151  3.6643e+150
 -2.9127e+151  2.9730e+150
  6.9615e+148 -1.1955e+149

 -3.3685e+151  9.0497e+150
 -6.2431e+151  5.6969e+150
  1.5240e+149 -2.6168e+149

 -9.2697e+151  2.1904e+151
 -1.3135e+152  1.0368e+151
  3.3335e+149 -5.7234e+149

 -2.4413e+152  5.2092e+151
 -2.7044e+152  1.7396e+151
  7.2855e+149 -1.2507e+150

 -6.2253e+152  1.2192e+152
 -5.4238e+152  2.5036e+151
  1.5909e+150 -2.7308e+150

 -1.5475e+153  2.8109e+152
 -1.0518e+153  2.3320e+151
  3.4707e+150 -5.9567e+150

 -3.7668e+153  6.3878e+152
 -1.9475e+153 -2.3642e+151
  7.5640e+150 -1.2980e+151

 -9.0026e+153  1.4308e+153
 -3.3619e+153 -2.2616e+152
  1.6468e+151 -2.8255e+151

 -2.1166e+154  3.1582e+153
 -5.1267e+153 -8.9628e+152
  3.5811e+151 -6.1434e+151

 -4.9012e+154  6.8632e+153
 -5.8040e+153 -2.8718e+153
  7.7782e+151 -1.3341e+152

 -1.1185e+155  1.4665e+154
  2.1188e+152 -8.3199e+153
  1.6872e+152 -2.8933e+152

 -2.5160e+155  3.0743e+154
  3.0762e+154 -2.2690e+154
  3.6547e+152 -6.2660e+152

 -5.5778e+155  6.3027e+154
  1.3734e+155 -5.9378e+154
  7.9046e+152 -1.3549e+153

 -1.2178e+156  1.2573e+155
  4.6004e+155 -1.5067e+155
  1.7068e+153 -2.9250e+153

 -2.6155e+156  2.4211e+155
  1.3648e+156 -3.7304e+155
  3.6791e+153 -6.3032e+153

 -5.5154e+156  4.4373e+155
  3.7791e+156 -9.0491e+155
  7.9148e+153 -1.3556e+154

 -1.1386e+157  7.5339e+155
  9.9964e+156 -2.1562e+156
  1.6991e+154 -2.9092e+154

 -2.2913e+157  1.1113e+156
  2.5575e+157 -5.0554e+156
  3.6390e+154 -6.2287e+154

 -4.4629e+157  1.1316e+156
  6.3748e+157 -1.1676e+157
  7.7739e+154 -1.3301e+155

 -8.3154e+157 -6.1527e+155
  1.5552e+158 -2.6577e+157
  1.6560e+155 -2.8321e+155

 -1.4499e+158 -8.5804e+156
  3.7243e+158 -5.9631e+157
  3.5162e+155 -6.0108e+155

 -2.2539e+158 -3.5452e+157
  8.7722e+158 -1.3185e+158
  7.4397e+155 -1.2711e+156

 -2.6960e+158 -1.1547e+158
  2.0348e+159 -2.8706e+158
  1.5677e+156 -2.6769e+156

 -5.5659e+157 -3.3752e+158
  4.6513e+159 -6.1462e+158
  3.2885e+156 -5.6110e+156

  1.1342e+159 -9.2584e+158
  1.0480e+160 -1.2915e+159
  6.8613e+156 -1.1698e+157

  5.3896e+159 -2.4328e+159
  2.3274e+160 -2.6552e+159
  1.4228e+157 -2.4234e+157

  1.8428e+160 -6.1928e+159
  5.0907e+160 -5.3155e+159
  2.9289e+157 -4.9831e+157

  5.5247e+160 -1.5373e+160
  1.0955e+161 -1.0283e+160
  5.9772e+157 -1.0156e+158

  1.5397e+161 -3.7374e+160
  2.3153e+161 -1.8974e+160
  1.2070e+158 -2.0473e+158

  4.0912e+161 -8.9228e+160
  4.7926e+161 -3.2573e+160
  2.4054e+158 -4.0714e+158

  1.0503e+162 -2.0958e+161
  9.6756e+161 -4.9130e+160
  4.7138e+158 -7.9568e+158

  2.6251e+162 -4.8487e+161
  1.8926e+162 -5.3796e+160
  9.0347e+158 -1.5194e+159

  6.4190e+162 -1.1055e+162
  3.5477e+162  1.0242e+160
  1.6792e+159 -2.8091e+159

  1.5403e+163 -2.4846e+162
  6.2442e+162  3.2237e+161
  2.9827e+159 -4.9490e+159

  3.6348e+163 -5.5031e+162
  9.8788e+162  1.3981e+162
  4.9209e+159 -8.0491e+159

  8.4458e+163 -1.2003e+163
  1.2386e+163  4.6357e+162
  7.0439e+159 -1.1166e+160

  1.9338e+164 -2.5753e+163
  5.0000e+162  1.3680e+163
  6.7854e+159 -9.5000e+159

  4.3647e+164 -5.4239e+163
 -4.1111e+163  3.7754e+163
 -5.1263e+159  1.3781e+160

  9.7091e+164 -1.1182e+164
 -2.1068e+164  9.9632e+163
 -5.7420e+160  1.1011e+161

  2.1275e+165 -2.2461e+164
 -7.3691e+164  2.5445e+164
 -2.3244e+161  4.2572e+161

  4.5874e+165 -4.3647e+164
 -2.2341e+165  6.3332e+164
 -7.5527e+161  1.3583e+162

  9.7166e+165 -8.1058e+164
 -6.2688e+165  1.5431e+165
 -2.2220e+162  3.9572e+162

  2.0165e+166 -1.4060e+165
 -1.6736e+166  3.6916e+165
 -6.1754e+162  1.0931e+163

  4.0840e+166 -2.1639e+165
 -4.3115e+166  8.6867e+165
 -1.6540e+163  2.9155e+163

  8.0215e+166 -2.5167e+165
 -1.0807e+167  2.0131e+166
 -4.3168e+163  7.5860e+163

  1.5122e+167 -2.1182e+164
 -2.6487e+167  4.5976e+166
 -1.1052e+164  1.9377e+164

  2.6853e+167  1.1972e+166
 -6.3690e+167  1.0350e+167
 -2.7880e+164  4.8792e+164

  4.3175e+167  5.4962e+166
 -1.5057e+168  2.2964e+167
 -6.9508e+164  1.2147e+165

  5.6372e+167  1.8584e+167
 -3.5048e+168  5.0181e+167
 -1.7164e+165  2.9959e+165

  3.1938e+167  5.5402e+167
 -8.0384e+168  1.0787e+168
 -4.2050e+165  7.3321e+165

 -1.4579e+168  1.5386e+168
 -1.8173e+169  2.2772e+168
 -1.0233e+166  1.7828e+166

 -8.2010e+168  4.0785e+168
 -4.0494e+169  4.7070e+168
 -2.4761e+166  4.3106e+166

 -2.9417e+169  1.0451e+169
 -8.8892e+169  9.4863e+168
 -5.9617e+166  1.0372e+167

 -9.0257e+169  2.6084e+169
 -1.9204e+170  1.8514e+169
 -1.4293e+167  2.4852e+167

 -2.5508e+170  6.3701e+169
 -4.0765e+170  3.4595e+169
 -3.4135e+167  5.9324e+167

 -6.8430e+170  1.5269e+170
 -8.4815e+170  6.0590e+169
 -8.1251e+167  1.4115e+168

 -1.7693e+171  3.5997e+170
 -1.7231e+171  9.4982e+169
 -1.9282e+168  3.3482e+168

 -4.4475e+171  8.3565e+170
 -3.3978e+171  1.1624e+170
 -4.5634e+168  7.9214e+168

 -1.0927e+172  1.9117e+171
 -6.4408e+171  3.5274e+169
 -1.0774e+169  1.8696e+169

 -2.6330e+172  4.3108e+171
 -1.1533e+172 -4.3826e+170
 -2.5380e+169  4.4028e+169

 -6.2365e+172  9.5807e+171
 -1.8820e+172 -2.1533e+171
 -5.9666e+169  1.0348e+170

 -1.4542e+173  2.0974e+172
 -2.5459e+172 -7.4391e+171
 -1.4001e+170  2.4276e+170

 -3.3408e+173  4.5176e+172
 -1.7908e+172 -2.2417e+172
 -3.2798e+170  5.6854e+170

 -7.5653e+173  9.5577e+172
  5.0166e+172 -6.2671e+172
 -7.6711e+170  1.3295e+171

 -1.6886e+174  1.9808e+173
  3.1772e+173 -1.6689e+173
 -1.7916e+171  3.1043e+171

 -3.7134e+174  4.0049e+173
  1.1721e+174 -4.2913e+173
 -4.1785e+171  7.2390e+171

 -8.0377e+174  7.8491e+173
  3.6427e+174 -1.0740e+174
 -9.7333e+171  1.6860e+172

 -1.7099e+175  1.4753e+174
  1.0372e+175 -2.6290e+174
 -2.2646e+172  3.9220e+172

 -3.5663e+175  2.6075e+174
  2.7967e+175 -6.3147e+174
 -5.2632e+172  9.1138e+172

 -7.2670e+175  4.1570e+174
  7.2583e+175 -1.4914e+175
 -1.2220e+173  2.1157e+173

 -1.4385e+176  5.3150e+174
  1.8299e+176 -3.4683e+175
 -2.8343e+173  4.9066e+173

 -2.7413e+176  2.5680e+174
  4.5068e+176 -7.9475e+175
 -6.5681e+173  1.1369e+174

 -4.9476e+176 -1.5741e+175
  1.0882e+177 -1.7951e+176
 -1.5208e+174  2.6320e+174

 -8.1854e+176 -8.4024e+175
  2.5825e+177 -3.9965e+176
 -3.5183e+174  6.0886e+174

 -1.1425e+177 -2.9726e+176
  6.0323e+177 -8.7645e+176
 -8.1334e+174  1.4074e+175

 -9.3723e+176 -9.0616e+176
  1.3882e+178 -1.8915e+177
 -1.8789e+175  3.2508e+175

  1.6500e+177 -2.5510e+177
  3.1489e+178 -4.0106e+177
 -4.3373e+175  7.5037e+175

  1.2238e+178 -6.8257e+177
  7.0402e+178 -8.3332e+177
 -1.0006e+176  1.7309e+176

  4.6599e+178 -1.7614e+178
  1.5509e+179 -1.6901e+178
 -2.3069e+176  3.9904e+176

  1.4684e+179 -4.4208e+178
  3.3634e+179 -3.3259e+178
 -5.3156e+176  9.1938e+176

  4.2146e+179 -1.0847e+179
  7.1701e+179 -6.2863e+178
 -1.2241e+177  2.1170e+177

  1.1424e+180 -2.6109e+179
  1.4991e+180 -1.1207e+179
 -2.8174e+177  4.8723e+177

  2.9764e+180 -6.1779e+179
  3.0638e+180 -1.8147e+179
 -6.4814e+177  1.1208e+178

  7.5264e+180 -1.4392e+180
  6.0876e+180 -2.4103e+179
 -1.4903e+178  2.5768e+178

  1.8583e+181 -3.3034e+180
  1.1659e+181 -1.5264e+179
 -3.4250e+178  5.9217e+178

  4.4968e+181 -7.4739e+180
  2.1202e+181  5.5098e+179
 -7.8678e+178  1.3602e+179

  1.0692e+182 -1.6667e+181
  3.5528e+181  3.2634e+180
 -1.8066e+179  3.1232e+179

  2.5019e+182 -3.6618e+181
  5.0989e+181  1.1855e+181
 -4.1466e+179  7.1681e+179

  5.7672e+182 -7.9179e+181
  4.6984e+181  3.6589e+181
 -9.5136e+179  1.6445e+180

  1.3103e+183 -1.6825e+182
 -5.0441e+181  1.0376e+182
 -2.1819e+180  3.7714e+180

  2.9346e+183 -3.5046e+182
 -4.6829e+182  2.7903e+182
 -5.0022e+180  8.6457e+180

  6.4761e+183 -7.1298e+182
 -1.8482e+183  7.2270e+182
 -1.1464e+181  1.9813e+181

  1.4071e+184 -1.4085e+183
 -5.9120e+183  1.8191e+183
 -2.6263e+181  4.5389e+181

  3.0058e+184 -2.6766e+183
 -1.7112e+184  4.4744e+183
 -6.0149e+181  1.0395e+182

  6.2998e+184 -4.8109e+183
 -4.6640e+184  1.0792e+184
 -1.3771e+182  2.3797e+182

  1.2912e+185 -7.9023e+183
 -1.2200e+185  2.5585e+184
 -3.1519e+182  5.4465e+182

  2.5748e+185 -1.0853e+184
 -3.0946e+185  5.9705e+184
 -7.2119e+182  1.2462e+183

  4.9554e+185 -8.2525e+183
 -7.6599e+185  1.3728e+185
 -1.6497e+183  2.8504e+183

  9.0755e+185  1.8601e+184
 -1.8577e+186  3.1110e+185
 -3.7725e+183  6.5180e+183

  1.5390e+186  1.2609e+185
 -4.4255e+186  6.9495e+185
 -8.6245e+183  1.4901e+184

  2.2645e+186  4.7187e+185
 -1.0374e+187  1.5295e+186
 -1.9712e+184  3.4056e+184

  2.2862e+186  1.4758e+186
 -2.3955e+187  3.3136e+186
 -4.5042e+184  7.7815e+184

 -1.3422e+186  4.2178e+186
 -5.4517e+187  7.0559e+186
 -1.0290e+185  1.7776e+185

 -1.7781e+187  1.1401e+187
 -1.2230e+188  1.4734e+187
 -2.3500e+185  4.0596e+185

 -7.3123e+187  2.9641e+187
 -2.7036e+188  3.0064e+187
 -5.3660e+185  9.2693e+185

 -2.3773e+188  7.4832e+187
 -5.8851e+188  5.9618e+187
 -1.2250e+186  2.1160e+186

 -6.9424e+188  1.8452e+188
 -1.2598e+189  1.1388e+188
 -2.7958e+186  4.8293e+186

 -1.9031e+189  4.4599e+188
 -2.6465e+189  2.0627e+188
 -6.3796e+186  1.1019e+187

 -4.9987e+189  1.0593e+189
 -5.4393e+189  3.4334e+188
 -1.4554e+187  2.5139e+187

 -1.2720e+190  2.4765e+189
 -1.0885e+190  4.8568e+188
 -3.3198e+187  5.7338e+187

 -3.1567e+190  5.7036e+189
 -2.1047e+190  4.2222e+188
 -7.5707e+187  1.3076e+188

 -7.6724e+190  1.2947e+190
 -3.8809e+190 -5.9434e+188
 -1.7262e+188  2.9812e+188

 -1.8314e+191  2.8971e+190
 -6.6545e+190 -4.8430e+189
 -3.9350e+188  6.7959e+188

 -4.3008e+191  6.3873e+190
 -1.0014e+191 -1.8741e+190
 -8.9687e+188  1.5489e+189

 -9.9479e+191  1.3864e+191
 -1.0886e+191 -5.9462e+190
 -2.0438e+189  3.5296e+189

 -2.2678e+192  2.9584e+191
  2.4421e+190 -1.7133e+191
 -4.6567e+189  8.0416e+189

 -5.0958e+192  6.1924e+191
  6.6898e+191 -4.6559e+191
 -1.0608e+190  1.8319e+190

 -1.1285e+193  1.2672e+192
  2.8850e+192 -1.2153e+192
 -2.4162e+190  4.1723e+190

 -2.4609e+193  2.5222e+192
  9.5467e+192 -3.0775e+192
 -5.5024e+190  9.5015e+190

 -5.2785e+193  4.8417e+192
  2.8143e+193 -7.6072e+192
 -1.2529e+191  2.1634e+191

 -1.1115e+194  8.8342e+192
  7.7615e+193 -1.8427e+193
 -2.8523e+191  4.9251e+191

 -2.2907e+194  1.4887e+193
  2.0473e+194 -4.3853e+193
 -6.4926e+191  1.1211e+192

 -4.5996e+194  2.1623e+193
  5.2267e+194 -1.0270e+194
 -1.4777e+192  2.5514e+192

 -8.9340e+194  2.0843e+193
  1.3005e+195 -2.3693e+194
 -3.3626e+192  5.8059e+192

 -1.6580e+195 -1.7255e+193
  3.1681e+195 -5.3874e+194
 -7.6509e+192  1.3210e+193

 -2.8727e+195 -1.8470e+194
  7.5772e+195 -1.2075e+195
 -1.7406e+193  3.0052e+193

 -4.4120e+195 -7.4252e+194
  1.7827e+196 -2.6669e+195
 -3.9593e+193  6.8358e+193

 -5.1002e+195 -2.3928e+195
  4.1304e+196 -5.7994e+195
 -9.0050e+193  1.5547e+194

 -2.9161e+194 -6.9540e+195
  9.4316e+196 -1.2401e+196
 -2.0478e+194  3.5355e+194

  2.4881e+196 -1.9004e+196
  2.1229e+197 -2.6019e+196
 -4.6564e+194  8.0390e+194

  1.1346e+197 -4.9804e+196
  4.7092e+197 -5.3397e+196
 -1.0587e+195  1.8277e+195

  3.8280e+197 -1.2652e+197
  1.0288e+198 -1.0666e+197
 -2.4066e+195  4.1548e+195

  1.1399e+198 -3.1354e+197
  2.2112e+198 -2.0572e+197
 -5.4703e+195  9.4437e+195

  3.1634e+198 -7.6118e+197
  4.6667e+198 -3.7798e+197
 -1.2433e+196  2.1463e+196

  8.3813e+198 -1.8150e+198
  9.6435e+198 -6.4436e+197
 -2.8253e+196  4.8774e+196

  2.1469e+199 -4.2582e+198
  1.9428e+199 -9.5839e+197
 -6.4199e+196  1.1082e+197

  5.3566e+199 -9.8405e+198
  3.7901e+199 -1.0034e+198
 -1.4586e+197  2.5179e+197

  1.3079e+200 -2.2413e+199
  7.0773e+199  4.0678e+197
 -3.3136e+197  5.7200e+197

  3.1343e+200 -5.0318e+199
  1.2383e+200  6.9838e+198
 -7.5270e+197  1.2993e+198

  7.3874e+200 -1.1133e+200
  1.9375e+200  2.9338e+199
 -1.7096e+198  2.9510e+198

  1.7146e+201 -2.4254e+200
  2.3591e+200  9.6153e+199
 -3.8826e+198  6.7019e+198

  3.9218e+201 -5.1968e+200
  6.6533e+199  2.8202e+200
 -8.8169e+198  1.5219e+199

  8.8421e+201 -1.0929e+201
 -9.1218e+200  7.7524e+200
 -2.0020e+199  3.4556e+199

  1.9648e+202 -2.2491e+201
 -4.4465e+201  2.0402e+201
 -4.5453e+199  7.8456e+199

  4.3003e+202 -4.5082e+201
 -1.5325e+202  5.1995e+201
 -1.0319e+200  1.7811e+200

  9.2608e+202 -8.7355e+201
 -4.6124e+202  1.2919e+202
 -2.3424e+200  4.0430e+200

  1.9588e+203 -1.6157e+202
 -1.2885e+203  3.1434e+202
 -5.3167e+200  9.1767e+200

  4.0584e+203 -2.7841e+202
 -3.4296e+203  7.5101e+202
 -1.2067e+201  2.0827e+201

  8.2027e+203 -4.2308e+202
 -8.8154e+203  1.7652e+203
 -2.7385e+201  4.7265e+201

  1.6069e+204 -4.7399e+202
 -2.2056e+204  4.0862e+203
 -6.2141e+201  1.0725e+202

  3.0184e+204  3.9915e+201
 -5.3976e+204  9.3222e+203
 -1.4100e+202  2.4336e+202

  5.3298e+204  2.6139e+203
 -1.2962e+205  2.0964e+204
 -3.1991e+202  5.5213e+202

  8.4825e+204  1.1558e+204
 -3.0607e+205  4.6461e+204
 -7.2575e+202  1.2526e+203

  1.0798e+205  3.8585e+204
 -7.1163e+205  1.0141e+205
 -1.6464e+203  2.8414e+203

  5.0272e+204  1.1427e+205
 -1.6304e+206  2.1772e+205
 -3.7344e+203  6.4450e+203

 -3.2835e+205  3.1607e+205
 -3.6820e+206  4.5893e+205
 -8.4701e+203  1.4618e+204

 -1.7358e+206  8.3542e+205
 -8.1957e+206  9.4702e+205
 -1.9210e+204  3.3152e+204

 -6.1246e+206  2.1361e+206
 -1.7970e+207  1.9046e+206
 -4.3563e+204  7.5181e+204

 -1.8646e+207  5.3220e+206
 -3.8775e+207  3.7069e+206
 -9.8785e+204  1.7048e+205

 -5.2453e+207  1.2978e+207
 -8.2194e+207  6.8996e+206
 -2.2399e+205  3.8655e+205

 -1.4027e+208  3.1069e+207
 -1.7074e+208  1.2010e+207
 -5.0785e+205  8.7641e+205

 -3.6185e+208  7.3157e+207
 -3.4617e+208  1.8610e+207
 -1.1514e+206  1.9869e+206

 -9.0788e+208  1.6964e+208
 -6.8091e+208  2.2064e+207
 -2.6101e+206  4.5043e+206

 -2.2271e+209  3.8767e+208
 -1.2862e+209  3.7102e+206
 -5.9166e+206  1.0210e+207

 -5.3593e+209  8.7326e+208
 -2.2910e+209 -9.6620e+207
 -1.3411e+207  2.3143e+207

 -1.2679e+210  1.9387e+209
 -3.7036e+209 -4.5385e+208
 -3.0396e+207  5.2454e+207

 -2.9530e+210  4.2391e+209
 -4.9001e+209 -1.5461e+209
 -6.8889e+207  1.1888e+208

 -6.7769e+210  9.1194e+209
 -3.0296e+209 -4.6265e+209
 -1.5612e+208  2.6940e+208

 -1.5330e+211  1.9266e+210
  1.1533e+210 -1.2879e+210
 -3.5378e+208  6.1048e+208

 -3.4180e+211  3.9861e+210
  6.7458e+210 -3.4194e+210
 -8.0164e+208  1.3833e+209

 -7.5079e+211  8.0429e+210
  2.4433e+211 -8.7730e+210
 -1.8164e+209  3.1343e+209

 -1.6231e+212  1.5721e+211
  7.5303e+211 -2.1917e+211
 -4.1152e+209  7.1011e+209

 -3.4481e+212  2.9438e+211
  2.1338e+212 -5.3570e+211
 -9.3232e+209  1.6088e+210

 -7.1806e+212  5.1732e+211
  5.7347e+212 -1.2850e+212
 -2.1121e+210  3.6445e+210

 -1.4604e+213  8.1602e+211
  1.4847e+213 -3.0314e+212
 -4.7844e+210  8.2556e+210

 -2.8838e+213  1.0152e+212
  3.7361e+213 -7.0416e+212
 -1.0837e+211  1.8700e+211

 -5.4769e+213  3.7766e+211
  9.1870e+213 -1.6119e+213
 -2.4547e+211  4.2355e+211

 -9.8356e+213 -3.5146e+212
  2.2154e+214 -3.6369e+213
 -5.5595e+211  9.5929e+211

 -1.6132e+214 -1.7755e+213
  5.2509e+214 -8.0879e+213
 -1.2591e+212  2.1725e+212

 -2.2078e+214 -6.1848e+213
  1.2251e+215 -1.7717e+214
 -2.8514e+212  4.9200e+212

 -1.6504e+214 -1.8713e+214
  2.8163e+215 -3.8189e+214
 -6.4570e+212  1.1141e+213

  3.9122e+214 -5.2444e+214
  6.3814e+215 -8.0857e+214
 -1.4621e+213  2.5228e+213

  2.6081e+215 -1.3989e+215
  1.4252e+216 -1.6773e+215
 -3.3106e+213  5.7122e+213

  9.7272e+215 -3.6018e+215
  3.1362e+216 -3.3951e+215
 -7.4958e+213  1.2933e+214

  3.0378e+216 -9.0232e+215
  6.7930e+216 -6.6638e+215
 -1.6971e+214  2.9281e+214

  8.6743e+216 -2.2107e+216
  1.4462e+217 -1.2550e+216
 -3.8421e+214  6.6290e+214

  2.3433e+217 -5.3138e+216
  3.0190e+217 -2.2253e+216
 -8.6977e+214  1.5007e+215

  6.0898e+217 -1.2559e+217
  6.1583e+217 -3.5681e+216
 -1.9689e+215  3.3971e+215

  1.5370e+218 -2.9223e+217
  1.2207e+218 -4.6278e+216
 -4.4568e+215  7.6895e+215

  3.7887e+218 -6.7005e+217
  2.3305e+218 -2.5000e+216
 -1.0088e+216  1.7405e+216

  9.1555e+218 -1.5144e+218
  4.2177e+218  1.2517e+217
 -2.2833e+216  3.9394e+216

  2.1742e+219 -3.3734e+218
  7.0109e+218  6.9168e+217
 -5.1677e+216  8.9158e+216

  5.0818e+219 -7.4030e+218
  9.8875e+218  2.4697e+218
 -1.1695e+217  2.0178e+217

  1.1702e+220 -1.5988e+219
  8.4873e+218  7.5613e+218
 -2.6467e+217  4.5664e+217

  2.6559e+220 -3.3926e+219
 -1.2588e+219  2.1342e+219
 -5.9894e+217  1.0333e+218

  5.9416e+220 -7.0554e+219
 -1.0023e+220  5.7205e+219
 -1.3553e+218  2.3383e+218

  1.3097e+221 -1.4326e+220
 -3.8640e+220  1.4781e+220
 -3.0668e+218  5.2910e+218

  2.8422e+221 -2.8231e+220
 -1.2240e+221  3.7137e+220
 -6.9391e+218  1.1972e+219

  6.0636e+221 -5.3463e+220
 -3.5237e+221  9.1202e+220
 -1.5700e+219  2.7086e+219

  1.2689e+222 -9.5598e+220
 -9.5700e+221  2.1968e+221
 -3.5521e+219  6.1281e+219

  2.5959e+222 -1.5561e+221
 -2.4968e+222  5.2017e+221
 -8.0361e+219  1.3864e+220

  5.1648e+222 -2.0929e+221
 -6.3208e+222  1.2125e+222
 -1.8180e+220  3.1364e+220

  9.9092e+222 -1.4259e+221
 -1.5620e+223  2.7848e+222
 -4.1126e+220  7.0951e+220

  1.8066e+223  4.3321e+221
 -3.7828e+223  6.3044e+222
 -9.3031e+220  1.6050e+221

  3.0407e+223  2.6817e+222
 -9.0006e+223  1.4068e+223
 -2.1044e+221  3.6304e+221

  4.4045e+223  9.8429e+222
 -2.1075e+224  3.0926e+223
 -4.7599e+221  8.2116e+221

  4.2038e+223  3.0520e+223
 -4.8610e+224  6.6919e+223
 -1.0766e+222  1.8573e+222

 -3.7036e+223  8.6790e+223
 -1.1051e+225  1.4230e+224
 -2.4350e+222  4.2007e+222

 -3.8256e+224  2.3381e+224
 -2.4765e+225  2.9668e+224
 -5.5070e+222  9.5004e+222

 -1.5313e+225  6.0640e+224
 -5.4685e+225  6.0423e+224
 -1.2454e+223  2.1486e+223

 -4.9261e+225  1.5280e+225
 -1.1889e+226  1.1953e+225
 -2.8165e+223  4.8589e+223

 -1.4303e+226  3.7617e+225
 -2.5417e+226  2.2757e+225
 -6.3693e+223  1.0988e+224

 -3.9064e+226  9.0799e+225
 -5.3316e+226  4.1018e+225
 -1.4403e+224  2.4846e+224

 -1.0233e+227  2.1540e+226
 -1.0938e+227  6.7706e+225
 -3.2568e+224  5.6183e+224

 -2.5986e+227  5.0299e+226
 -2.1841e+227  9.4014e+225
 -7.3641e+224  1.2704e+225

 -6.4382e+227  1.1572e+227
 -4.2106e+227  7.5338e+225
 -1.6651e+225  2.8723e+225

 -1.5626e+228  2.6241e+227
 -7.7305e+227 -1.4382e+226
 -3.7646e+225  6.4942e+225

 -3.7252e+228  5.8652e+227
 -1.3163e+228 -1.0341e+227
 -8.5114e+225  1.4683e+226

 -8.7381e+228  1.2917e+228
 -1.9529e+228 -3.9148e+227
 -1.9243e+226  3.3195e+226

 -2.0190e+229  2.8003e+228
 -2.0281e+228 -1.2306e+228
 -4.3503e+226  7.5044e+226

 -4.5976e+229  5.9674e+228
  9.0336e+227 -3.5270e+228
 -9.8344e+226  1.6965e+227

 -1.0320e+230  1.2472e+229
  1.4481e+229 -9.5516e+228
 -2.2232e+227  3.8350e+227

 -2.2828e+230  2.5475e+229
  6.0526e+229 -2.4868e+229
 -5.0254e+227  8.6689e+227

 -4.9724e+230  5.0586e+229
  1.9799e+230 -6.2851e+229
 -1.1360e+228  1.9595e+228

 -1.0652e+231  9.6800e+229
  5.8012e+230 -1.5511e+230
 -2.5677e+228  4.4292e+228

 -2.2396e+231  1.7580e+230
  1.5937e+231 -3.7521e+230
 -5.8036e+228  1.0011e+229

 -4.6076e+231  2.9396e+230
  4.1922e+231 -8.9183e+230
 -1.3117e+229  2.2627e+229

 -9.2319e+231  4.1993e+230
  1.0680e+232 -2.0862e+231
 -2.9647e+229  5.1140e+229

 -1.7880e+232  3.7997e+230
  2.6530e+232 -4.8077e+231
 -6.7004e+229  1.1558e+230

 -3.3047e+232 -4.4682e+230
  6.4533e+232 -1.0920e+232
 -1.5143e+230  2.6121e+230

 -5.6882e+232 -3.9621e+231
  1.5415e+233 -2.4449e+232
 -3.4221e+230  5.9030e+230

 -8.6246e+232 -1.5535e+232
  3.6224e+233 -5.3938e+232
 -7.7335e+230  1.3340e+231

 -9.5973e+232 -4.9558e+232
  8.3838e+233 -1.1715e+233
 -1.7476e+231  3.0145e+231

  1.1065e+232 -1.4323e+233
  1.9123e+234 -2.5018e+233
 -3.9491e+231  6.8118e+231

  5.4269e+233 -3.9000e+233
  4.2998e+234 -5.2412e+233
 -8.9234e+231  1.5392e+232

  2.3853e+234 -1.0194e+234
  9.5276e+234 -1.0737e+234
 -2.0163e+232  3.4780e+232

  7.9466e+234 -2.5844e+234
  2.0791e+235 -2.1398e+234
 -4.5558e+232  7.8584e+232

  2.3509e+235 -6.3943e+234
  4.4629e+235 -4.1147e+234
 -1.0294e+233  1.7755e+233

  6.4980e+235 -1.5501e+235
  9.4049e+235 -7.5267e+234
 -2.3257e+233  4.0116e+233

  1.7167e+236 -3.6916e+235
  1.9402e+236 -1.2738e+235
 -5.2545e+233  9.0634e+233

  4.3879e+236 -8.6509e+235
  3.9005e+236 -1.8665e+235
 -1.1871e+234  2.0476e+234

  1.0929e+237 -1.9970e+236
  7.5881e+236 -1.8572e+235
 -2.6819e+234  4.6259e+234

  2.6645e+237 -4.5435e+236
  1.4114e+237  1.2284e+235
 -6.0587e+234  1.0450e+235

  6.3772e+237 -1.0190e+237
  2.4542e+237  1.5066e+236
 -1.3687e+235  2.3608e+235

  1.5013e+238 -2.2519e+237
  3.7953e+237  6.1489e+236
 -3.0918e+235  5.3329e+235

  3.4807e+238 -4.9002e+237
  4.4743e+237  1.9932e+237
 -6.9842e+235  1.2047e+236

  7.9528e+238 -1.0486e+238
  6.4258e+236  5.8116e+237
 -1.5776e+236  2.7211e+236

  1.7911e+239 -2.2020e+238
 -2.0088e+238  1.5915e+238
 -3.5635e+236  6.1465e+236

  3.9756e+239 -4.5235e+238
 -9.3694e+238  4.1771e+238
 -8.0490e+236  1.3883e+237

  8.6915e+239 -9.0468e+238
 -3.1846e+239  1.0623e+239
 -1.8180e+237  3.1357e+237

  1.8694e+240 -1.7479e+239
 -9.5186e+239  2.6352e+239
 -4.1062e+237  7.0824e+237

  3.9483e+240 -3.2192e+239
 -2.6478e+240  6.4025e+239
 -9.2740e+237  1.5996e+238

  8.1667e+240 -5.5097e+239
 -7.0267e+240  1.5277e+240
 -2.0945e+238  3.6126e+238

  1.6473e+241 -8.2602e+239
 -1.8021e+241  3.5866e+240
 -4.7304e+238  8.1589e+238

  3.2184e+241 -8.8743e+239
 -4.5008e+241  8.2934e+240
 -1.0683e+239  1.8426e+239

  6.0227e+241  2.4887e+239
 -1.0998e+242  1.8900e+241
 -2.4125e+239  4.1611e+239

  1.0573e+242  5.6775e+240
 -2.6377e+242  4.2459e+241
 -5.4481e+239  9.3968e+239

  1.6647e+242  2.4271e+241
 -6.2211e+242  9.3995e+241
 -1.2303e+240  2.1220e+240

  2.0612e+242  8.0060e+241
 -1.4448e+243  2.0492e+242
 -2.7782e+240  4.7917e+240

  7.2561e+241  2.3562e+242
 -3.3066e+243  4.3938e+242
 -6.2734e+240  1.0820e+241

 -7.3207e+242  6.4911e+242
 -7.4596e+243  9.2482e+242
 -1.4166e+241  2.4432e+241

 -3.6670e+243  1.7109e+243
 -1.6586e+244  1.9051e+243
 -3.1986e+241  5.5167e+241

 -1.2742e+244  4.3654e+243
 -3.6325e+244  3.8232e+243
 -7.2221e+241  1.2456e+242

 -3.8504e+244  1.0857e+244
 -7.8282e+244  7.4201e+243
 -1.6306e+242  2.8124e+242

 -1.0783e+245  2.6438e+244
 -1.6571e+245  1.3755e+244
 -3.6817e+242  6.3499e+242

 -2.8749e+245  6.3210e+244
 -3.4365e+245  2.3791e+244
 -8.3124e+242  1.4337e+243

 -7.3989e+245  1.4866e+245
 -6.9537e+245  3.6415e+244
 -1.8767e+243  3.2368e+243

 -1.8530e+246  3.4436e+245
 -1.3642e+246  4.1681e+244
 -4.2369e+243  7.3075e+243

 -4.5387e+246  7.8609e+245
 -2.5678e+246  5.4239e+242
 -9.5653e+243  1.6497e+244

 -1.0907e+247  1.7688e+246
 -4.5486e+246 -2.1162e+245
 -2.1594e+244  3.7243e+244

 -2.5773e+247  3.9226e+246
 -7.2810e+246 -9.5510e+245
 -4.8748e+244  8.4076e+244

 -5.9961e+247  8.5672e+246
 -9.4036e+246 -3.2111e+246
 -1.1005e+245  1.8980e+245

 -1.3746e+248  1.8407e+247
 -4.9227e+246 -9.5446e+246
 -2.4842e+245  4.2844e+245

 -3.1062e+248  3.8831e+247
  2.6143e+247 -2.6459e+247
 -5.6076e+245  9.6714e+245

 -6.9181e+248  8.0205e+247
  1.4293e+248 -7.0048e+247
 -1.2658e+246  2.1831e+246

 -1.5179e+249  1.6150e+248
  5.0890e+248 -1.7932e+248
 -2.8572e+246  4.9278e+246

 -3.2774e+249  3.1481e+248
  1.5560e+249 -4.4721e+248
 -6.4493e+246  1.1123e+247

 -6.9529e+249  5.8723e+248
  4.3885e+249 -1.0915e+249
 -1.4557e+247  2.5106e+247

 -1.4456e+250  1.0257e+249
  1.1757e+250 -2.6148e+249
 -3.2856e+247  5.6666e+247

 -2.9342e+250  1.5999e+249
  3.0367e+250 -6.1610e+249
 -7.4158e+247  1.2790e+248

 -5.7797e+250  1.9317e+249
  7.6270e+250 -1.4295e+250
 -1.6737e+248  2.8866e+248

 -1.0939e+251  4.7558e+248
  1.8726e+251 -3.2688e+250
 -3.7775e+248  6.5149e+248

 -1.9543e+251 -7.7807e+249
  4.5095e+251 -7.3676e+250
 -8.5255e+248  1.4703e+249

 -3.1762e+251 -3.7455e+250
  1.0675e+252 -1.6367e+251
 -1.9241e+249  3.3183e+249

 -4.2560e+251 -1.2859e+251
  2.4880e+252 -3.5810e+251
 -4.3422e+249  7.4887e+249

 -2.8393e+251 -3.8629e+251
  5.7132e+252 -7.7092e+251
 -9.7993e+249  1.6900e+250

  9.0809e+251 -1.0779e+252
  1.2932e+253 -1.6300e+252
 -2.2114e+250  3.8138e+250

  5.5446e+252 -2.8666e+252
  2.8850e+253 -3.3756e+252
 -4.9904e+250  8.6065e+250

  2.0287e+253 -7.3638e+252
  6.3412e+253 -6.8189e+252
 -1.1261e+251  1.9421e+251

  6.2815e+253 -1.8415e+253
  1.3718e+254 -1.3349e+253
 -2.5412e+251  4.3826e+251

  1.7848e+254 -4.5048e+253
  2.9165e+254 -2.5048e+253
 -5.7343e+251  9.8893e+251

  4.8055e+254 -1.0814e+254
  6.0790e+254 -4.4161e+253
 -1.2939e+252  2.2315e+252

  1.2458e+255 -2.5527e+254
  1.2376e+255 -7.0083e+253
 -2.9196e+252  5.0352e+252

  3.1382e+255 -5.9334e+254
  2.4474e+255 -8.8568e+253
 -6.5878e+252  1.1361e+253

  7.7237e+255 -1.3590e+255
  4.6569e+255 -3.8622e+253
 -1.4864e+253  2.5635e+253

  1.8639e+256 -3.0682e+255
  8.3867e+255  2.8107e+254
 -3.3538e+253  5.7839e+253

  4.4209e+256 -6.8273e+255
  1.3823e+256  1.4632e+255
 -7.5670e+253  1.3050e+254

  1.0321e+257 -1.4965e+256
  1.9132e+256  5.1407e+255
 -1.7073e+254  2.9443e+254

  2.3741e+257 -3.2280e+256
  1.5101e+256  1.5619e+256
 -3.8519e+254  6.6428e+254

  5.3826e+257 -6.8401e+256
 -3.0306e+256  4.3882e+256
 -8.6903e+254  1.4987e+255

  1.2029e+258 -1.4202e+257
 -2.1393e+257  1.1726e+257
 -1.9606e+255  3.3811e+255

  2.6486e+258 -2.8780e+257
 -8.0704e+257  3.0228e+257
 -4.4231e+255  7.6279e+255

  5.7407e+258 -5.6570e+257
 -2.5330e+258  7.5806e+257
 -9.9785e+255  1.7208e+256

  1.2231e+259 -1.0676e+258
 -7.2536e+258  1.8588e+258
 -2.2511e+256  3.8821e+256

  2.5555e+259 -1.8987e+258
 -1.9632e+259  4.4713e+258
 -5.0782e+256  8.7576e+256

  5.2184e+259 -3.0614e+258
 -5.1092e+259  1.0575e+259
 -1.1456e+257  1.9756e+257

  1.0358e+260 -4.0250e+258
 -1.2909e+260  2.4622e+259
 -2.5842e+257  4.4565e+257

  1.9810e+260 -2.3894e+258
 -3.1849e+260  5.6489e+259
 -5.8294e+257  1.0053e+258

  3.5949e+260  9.9190e+258
 -7.7024e+260  1.2775e+260
 -1.3150e+258  2.2676e+258

  6.0030e+260  5.6907e+259
 -1.8304e+261  2.8475e+260
 -2.9661e+258  5.1151e+258

  8.5507e+260  2.0514e+260
 -4.2809e+261  6.2527e+260
 -6.6905e+258  1.1538e+259

  7.6478e+260  6.3087e+260
 -9.8635e+261  1.3513e+261
 -1.5091e+259  2.6025e+259

 -9.4995e+260  1.7853e+261
 -2.2400e+262  2.8696e+261
 -3.4039e+259  5.8700e+259

 -8.2026e+261  4.7940e+261
 -5.0143e+262  5.9732e+261
 -7.6776e+259  1.3240e+260

 -3.2033e+262  1.2404e+262
 -1.1060e+263  1.2142e+262
 -1.7317e+260  2.9862e+260

 -1.0202e+263  3.1196e+262
 -2.4018e+263  2.3960e+262
 -3.9057e+260  6.7353e+260

 -2.9458e+263  7.6679e+262
 -5.1278e+263  4.5464e+262
 -8.8089e+260  1.5191e+261

 -8.0164e+263  1.8484e+263
 -1.0740e+264  8.1532e+262
 -1.9867e+261  3.4260e+261

 -2.0945e+264  4.3796e+263
 -2.1994e+264  1.3340e+263
 -4.4807e+261  7.7268e+261

 -5.3081e+264  1.0215e+264
 -4.3815e+264  1.8156e+263
 -1.0105e+262  1.7426e+262

 -1.3130e+265  2.3476e+264
 -8.4212e+264  1.3191e+263
 -2.2790e+262  3.9300e+262

 -3.1822e+265  5.3179e+264
 -1.5393e+265 -3.3885e+263
 -5.1396e+262  8.8629e+262

 -7.5767e+265  1.1873e+265
 -2.6017e+265 -2.2023e+264
 -1.1591e+263  1.9987e+263

 -1.7752e+266  2.6119e+265
 -3.8023e+265 -8.1701e+264
 -2.6138e+263  4.5074e+263

 -4.0972e+266  5.6555e+265
 -3.7486e+265 -2.5455e+265
 -5.8944e+263  1.0165e+264

 -9.3201e+266  1.2036e+266
  2.6594e+265 -7.2587e+265
 -1.3292e+264  2.2921e+264

 -2.0898e+267  2.5115e+266
  3.1219e+266 -1.9591e+266
 -2.9974e+264  5.1688e+264

 -4.6176e+267  5.1204e+266
  1.2683e+267 -5.0880e+266
 -6.7591e+264  1.1655e+265

 -1.0046e+268  1.0143e+267
  4.1039e+267 -1.2834e+267
 -1.5241e+265  2.6282e+265

 -2.1493e+268  1.9347e+267
  1.1954e+268 -3.1624e+267
 -3.4367e+265  5.9264e+265

 -4.5122e+268  3.4969e+267
  3.2716e+268 -7.6392e+267
 -7.7494e+265  1.3363e+266

 -9.2666e+268  5.7996e+267
  8.5828e+268 -1.8135e+268
 -1.7473e+266  3.0131e+266

 -1.8526e+269  8.1386e+267
  2.1820e+269 -4.2374e+268
 -3.9399e+266  6.7939e+266

 -3.5775e+269  6.8385e+267
  5.4112e+269 -9.7546e+268
 -8.8834e+266  1.5319e+267

 -6.5842e+269 -1.1025e+268
  1.3144e+270 -2.2133e+269
 -2.0030e+267  3.4539e+267

 -1.1255e+270 -8.4736e+268
  3.1357e+270 -4.9501e+269
 -4.5160e+267  7.7874e+267

 -1.6835e+270 -3.2469e+269
  7.3600e+270 -1.0908e+270
 -1.0182e+268  1.7558e+268

 -1.7950e+270 -1.0259e+270
  1.7016e+271 -2.3664e+270
 -2.2956e+268  3.9585e+268

  5.6864e+269 -2.9490e+270
  3.8772e+271 -5.0467e+270
 -5.1756e+268  8.9248e+268

  1.1777e+271 -8.0018e+270
  8.7082e+271 -1.0557e+271
 -1.1669e+269  2.0121e+269

  5.0078e+271 -2.0862e+271
  1.9275e+272 -2.1586e+271
 -2.6307e+269  4.5363e+269

  1.6486e+272 -5.2785e+271
  4.2012e+272 -4.2919e+271
 -5.9308e+269  1.0227e+270

  4.8470e+272 -1.3039e+272
  9.0063e+272 -8.2276e+271
 -1.3370e+270  2.3055e+270

  1.3344e+273 -3.1565e+272
  1.8952e+273 -1.4982e+272
 -3.0142e+270  5.1976e+270

  3.5156e+273 -7.5077e+272
  3.9028e+273 -2.5162e+272
 -6.7951e+270  1.1717e+271

  8.9669e+273 -1.7574e+273
  7.8295e+273 -3.6286e+272
 -1.5318e+271  2.6414e+271

  2.2295e+274 -4.0523e+273
  1.5188e+274 -3.4060e+272
 -3.4531e+271  5.9544e+271

  5.4277e+274 -9.2100e+273
  2.8137e+274  3.3088e+272
 -7.7842e+271  1.3423e+272

  1.2974e+275 -2.0633e+274
  4.8612e+274  3.2382e+273
 -1.7547e+272  3.0258e+272

  3.0508e+275 -4.5547e+274
  7.4247e+274  1.2873e+274
 -3.9555e+272  6.8206e+272

  7.0654e+275 -9.8995e+274
  8.4450e+274  4.1296e+274
 -8.9162e+272  1.5374e+273

  1.6126e+276 -2.1156e+275
 -1.2940e+273  1.1972e+275
 -2.0098e+273  3.4655e+273

  3.6279e+276 -4.4359e+275
 -4.3954e+275  3.2665e+275
 -4.5302e+273  7.8116e+273

  8.0439e+276 -9.0963e+275
 -1.9713e+276  8.5508e+275
 -1.0211e+274  1.7607e+274

  1.7565e+277 -1.8151e+276
 -6.6134e+276  2.1702e+276
 -2.3016e+274  3.9687e+274

  3.7730e+277 -3.4965e+276
 -1.9636e+277  5.3745e+276
 -5.1878e+274  8.9453e+274

  7.9577e+277 -6.4118e+276
 -5.4397e+277  1.3039e+277
 -1.1693e+275  2.0162e+275

  1.6432e+278 -1.0896e+277
 -1.4394e+278  3.1075e+277
 -2.6355e+275  4.5443e+275

  3.3074e+278 -1.6102e+277
 -3.6836e+278  7.2868e+277
 -5.9400e+275  1.0242e+276

  6.4443e+278 -1.6499e+277
 -9.1836e+278  1.6831e+278
 -1.3388e+276  2.3084e+276

  1.2013e+279  8.4500e+276
 -2.2408e+279  3.8317e+278
 -3.0173e+276  5.2027e+276

  2.0962e+279  1.2276e+278
 -5.3671e+279  8.5985e+278
 -6.8003e+276  1.1726e+277

  3.2633e+279  5.0903e+278
 -1.2643e+280  1.9014e+279
 -1.5326e+277  2.6427e+277

  3.9189e+279  1.6602e+279
 -2.9331e+280  4.1404e+279
 -3.4540e+277  5.9557e+277

  8.7568e+278  4.8564e+279
 -6.7057e+280  8.8663e+279
 -7.7842e+277  1.3422e+278

 -1.6186e+280  1.3328e+280
 -1.5111e+281  1.8634e+280
 -1.7543e+278  3.0249e+278

 -7.7336e+280  3.5033e+280
 -3.3563e+281  3.8318e+280
 -3.9534e+278  6.8168e+278

 -2.6488e+281  8.9199e+280
 -7.3422e+281  7.6730e+280
 -8.9093e+278  1.5362e+279

 -7.9479e+281  2.2147e+281
 -1.5803e+282  1.4849e+281
 -2.0077e+279  3.4619e+279

 -2.2162e+282  5.3852e+281
 -3.3404e+282  2.7414e+281
 -4.5244e+279  7.8013e+279

 -5.8908e+282  1.2859e+282
 -6.9159e+282  4.7100e+281
 -1.0196e+280  1.7580e+280

 -1.5127e+283  3.0208e+282
 -1.3966e+283  7.1157e+281
 -2.2975e+280  3.9615e+280

 -3.7817e+283  6.9895e+282
 -2.7327e+283  7.8309e+281
 -5.1773e+280  8.9269e+280

 -9.2487e+283  1.5938e+283
 -5.1246e+283 -1.3055e+281
 -1.1666e+281  2.0116e+281

 -2.2197e+284  3.5826e+283
 -9.0261e+283 -4.6093e+282
 -2.6288e+281  4.5327e+281

 -5.2388e+284  7.9360e+283
 -1.4298e+284 -2.0071e+283
 -5.9235e+281  1.0214e+282

 -1.2174e+285  1.7313e+284
 -1.7987e+284 -6.6649e+283
 -1.3347e+282  2.3014e+282

 -2.7879e+285  3.7149e+284
 -7.5059e+283 -1.9684e+284
 -3.0075e+282  5.1856e+282

 -6.2932e+285  7.8255e+284
  5.8599e+284 -5.4347e+284
 -6.7765e+282  1.1684e+283

 -1.4001e+286  1.6136e+285
  3.0225e+285 -1.4347e+285
 -1.5269e+283  2.6327e+283

 -3.0684e+286  3.2421e+285
  1.0592e+286 -3.6650e+285
 -3.4402e+283  5.9318e+283

 -6.6171e+286  6.3024e+285
  3.2139e+286 -9.1240e+285
 -7.7513e+283  1.3365e+284

 -1.4018e+287  1.1710e+286
  9.0230e+286 -2.2235e+286
 -1.7464e+284  3.0112e+284

 -2.9098e+287  2.0327e+286
  2.4097e+287 -5.3200e+286
 -3.9348e+284  6.7844e+284

 -5.8946e+287  3.1330e+286
  6.2098e+287 -1.2520e+287
 -8.8652e+284  1.5285e+285

 -1.1581e+288  3.6592e+286
  1.5568e+288 -2.9019e+287
 -1.9973e+285  3.4438e+285

 -2.1843e+288  3.7575e+285
  3.8164e+288 -6.6284e+287
 -4.4999e+285  7.7587e+285

 -3.8813e+288 -1.7102e+287
  9.1783e+288 -1.4924e+288
 -1.0138e+286  1.7480e+286

 -6.2477e+288 -7.8889e+287
  2.1702e+289 -3.3116e+288
 -2.2840e+286  3.9380e+286

 -8.1812e+288 -2.6717e+288
  5.0521e+289 -7.2376e+288
 -5.1455e+286  8.8718e+286

 -4.7282e+288 -7.9710e+288
  1.1589e+290 -1.5561e+289
 -1.1592e+287  1.9987e+287

  2.0740e+289 -2.2148e+289
  2.6203e+290 -3.2854e+289
 -2.6114e+287  4.5026e+287

  1.1761e+290 -5.8729e+289
  5.8395e+290 -6.7925e+289
 -5.8830e+287  1.0143e+288

  4.2274e+290 -1.5053e+290
  1.2820e+291 -1.3693e+290
 -1.3253e+288  2.2850e+288

  1.2983e+291 -3.7577e+290
  2.7701e+291 -2.6733e+290
 -2.9855e+288  5.1475e+288

  3.6712e+291 -9.1787e+290
  5.8813e+291 -4.9975e+290
 -6.7254e+288  1.1596e+289

  9.8528e+291 -2.2005e+291
  1.2239e+292 -8.7592e+290
 -1.5150e+289  2.6121e+289

  2.5483e+292 -5.1884e+291
  2.4869e+292 -1.3750e+291
 -3.4127e+289  5.8841e+289

  6.4069e+292 -1.2046e+292
  4.9057e+292 -1.6889e+291
 -7.6874e+289  1.3254e+290

  1.5744e+293 -2.7561e+292
  9.3030e+292 -5.3835e+290
 -1.7316e+290  2.9856e+290

  3.7943e+293 -6.2158e+292
  1.6669e+293  6.2513e+291
 -3.9006e+290  6.7253e+290

  8.9884e+293 -1.3816e+293
  2.7231e+293  3.0896e+292
 -8.7861e+290  1.5149e+291

  2.0961e+294 -3.0250e+293
  3.6932e+293  1.0693e+293
 -1.9790e+291  3.4122e+291

  4.8163e+294 -6.5168e+293
  2.6342e+293  3.2249e+293
 -4.4577e+291  7.6857e+291

  1.0908e+295 -1.3790e+294
 -7.1139e+293  9.0205e+293
 -1.0041e+292  1.7311e+292

  2.4350e+295 -2.8584e+294
 -4.5541e+294  2.4030e+294
 -2.2615e+292  3.8992e+292

  5.3555e+295 -5.7808e+294
 -1.6840e+295  6.1807e+294
 -5.0938e+292  8.7824e+292

  1.1594e+296 -1.1333e+295
 -5.2391e+295  1.5472e+295
 -1.1473e+293  1.9781e+293

  2.4668e+296 -2.1311e+295
 -1.4927e+296  3.7880e+295
 -2.5840e+293  4.4552e+293

  5.1461e+296 -3.7692e+295
 -4.0265e+296  9.1000e+295
 -5.8199e+293  1.0034e+294

  1.0488e+297 -6.0167e+295
 -1.0453e+297  2.1496e+296
 -1.3108e+294  2.2600e+294

  2.0769e+297 -7.7174e+295
 -2.6359e+297  4.9994e+296
 -2.9521e+294  5.0899e+294

  3.9592e+297 -3.8274e+295
 -6.4932e+297  1.1458e+297
 -6.6488e+294  1.1463e+295

  7.1501e+297  2.2412e+296
 -1.5682e+298  2.5883e+297
 -1.4974e+295  2.5817e+295

  1.1842e+298  1.2051e+297
 -3.7220e+298  5.7631e+297
 -3.3723e+295  5.8143e+295

  1.6566e+298  4.2719e+297
 -8.6951e+298  1.2641e+298
 -7.5948e+295  1.3094e+296

  1.3730e+298  1.3034e+298
 -2.0013e+299  2.7285e+298
 -1.7104e+296  2.9489e+296

 -2.3295e+298  3.6715e+298
 -4.5400e+299  5.7861e+298
 -3.8519e+296  6.6410e+296

 -1.7534e+299  9.8276e+298
 -1.0152e+300  1.2025e+299
 -8.6744e+296  1.4956e+297

 -6.6940e+299  2.5368e+299
 -2.2367e+300  2.4395e+299
 -1.9535e+297  3.3680e+297

 -2.1118e+300  6.3683e+299
 -4.8513e+300  4.8019e+299
 -4.3991e+297  7.5845e+297

 -6.0650e+300  1.5629e+300
 -1.0344e+301  9.0799e+299
 -9.9064e+297  1.7080e+298

 -1.6447e+301  3.7624e+300
 -2.1631e+301  1.6198e+300
 -2.2308e+298  3.8461e+298

 -4.2863e+301  8.9039e+300
 -4.4217e+301  2.6258e+300
 -5.0235e+298  8.6609e+298

 -1.0841e+302  2.0745e+301
 -8.7882e+301  3.4973e+300
 -1.1312e+299  1.9503e+299

 -2.6773e+302  4.7623e+301
 -1.6838e+302  2.2519e+300
 -2.5473e+299  4.3917e+299

 -6.4798e+302  1.0776e+302
 -3.0636e+302 -7.8278e+300
 -5.7358e+299  9.8891e+299

 -1.5409e+303  2.4034e+302
 -5.1387e+302 -4.6791e+301
 -1.2916e+300  2.2268e+300

 -3.6062e+303  5.2810e+302
 -7.3898e+302 -1.7036e+302
 -2.9082e+300  5.0140e+300

 -8.3139e+303  1.1421e+303
 -6.8628e+302 -5.2629e+302
 -6.5485e+300  1.1290e+301

 -1.8892e+304  2.4272e+303
  7.0701e+302 -1.4934e+303
 -1.4745e+301  2.5421e+301

 -4.2316e+304  5.0569e+303
  6.7061e+303 -4.0174e+303
 -3.3200e+301  5.7239e+301

 -9.3395e+304  1.0290e+304
  2.6547e+304 -1.0408e+304
 -7.4754e+301  1.2888e+302

 -2.0295e+305  2.0335e+304
  8.5018e+304 -2.6205e+304
 -1.6831e+302  2.9018e+302

 -4.3362e+305  3.8658e+304
  2.4624e+305 -6.4467e+304
 -3.7897e+302  6.5336e+302

 -9.0897e+305  6.9525e+304
  6.7146e+305 -1.5552e+305
 -8.5325e+302  1.4711e+303

 -1.8634e+306  1.1432e+305
  1.7569e+306 -3.6874e+305
 -1.9211e+303  3.3121e+303

 -3.7169e+306  1.5739e+305
  4.4576e+306 -8.6062e+305
 -4.3253e+303  7.4570e+303

 -7.1561e+306  1.2109e+305
  1.1036e+307 -1.9790e+306
 -9.7381e+303  1.6789e+304

          inf -2.6340e+305
          inf -4.4856e+306
 -2.1924e+304  3.7799e+304

          inf          nan
          nan          nan
          nan  8.5099e+304

      nan      nan
      nan      nan
      nan      nan

      nan      nan
      nan      nan
      nan      nan

      nan      nan
      nan      nan
      nan      nan

      nan      nan
      nan      nan
      nan      nan

      nan      nan
      nan      nan
      nan      nan

      nan      nan
      nan      nan
      nan      nan

      nan      nan
      nan      nan
      nan      nan

      nan      nan
      nan      nan
      nan      nan

      nan      nan
      nan      nan
      nan      nan

      nan      nan
      nan      nan
      nan      nan

      nan      nan
      nan      nan
      nan      nan

      nan      nan
      nan      nan
      nan      nan

      nan      nan
      nan      nan
      nan      nan

      nan      nan
      nan      nan
      nan      nan

      nan      nan
      nan      nan
      nan      nan

      nan      nan
      nan      nan
      nan      nan

      nan      nan
      nan      nan
      nan      nan

      nan      nan
      nan      nan
      nan      nan

      nan      nan
      nan      nan
      nan      nan

      nan      nan
      nan      nan
      nan      nan

      nan      nan
      nan      nan
      nan      nan

      nan      nan
      nan      nan
      nan      nan

      nan      nan
      nan      nan
      nan      nan

      nan      nan
      nan      nan
      nan      nan

      nan      nan
      nan      nan
      nan      nan

      nan      nan
      nan      nan
      nan      nan

      nan      nan
      nan      nan
      nan      nan

      nan      nan
      nan      nan
      nan      nan

      nan      nan
      nan      nan
      nan      nan

      nan      nan
      nan      nan
      nan      nan

      nan      nan
      nan      nan
      nan      nan

      nan      nan
      nan      nan
      nan      nan

      nan      nan
      nan      nan
      nan      nan

      nan      nan
      nan      nan
      nan      nan

      nan      nan
      nan      nan
      nan      nan

      nan      nan
      nan      nan
      nan      nan

      nan      nan
      nan      nan
      nan      nan

      nan      nan
      nan      nan
      nan      nan

      nan      nan
      nan      nan
      nan      nan

      nan      nan
      nan      nan
      nan      nan

      nan      nan
      nan      nan
      nan      nan

      nan      nan
      nan      nan
      nan      nan

      nan      nan
      nan      nan
      nan      nan

      nan      nan
      nan      nan
      nan      nan

      nan      nan
      nan      nan
      nan      nan

      nan      nan
      nan      nan
      nan      nan

      nan      nan
      nan      nan
      nan      nan

      nan      nan
      nan      nan
      nan      nan

      nan      nan
      nan      nan
      nan      nan

      nan      nan
      nan      nan
      nan      nan

      nan      nan
      nan      nan
      nan      nan

      nan      nan
      nan      nan
      nan      nan

      nan      nan
      nan      nan
      nan      nan

      nan      nan
      nan      nan
      nan      nan

      nan      nan
      nan      nan
      nan      nan

      nan      nan
      nan      nan
      nan      nan

      nan      nan
      nan      nan
      nan      nan

      nan      nan
      nan      nan
      nan      nan

      nan      nan
      nan      nan
      nan      nan

      nan      nan
      nan      nan
      nan      nan

      nan      nan
      nan      nan
      nan      nan

      nan      nan
      nan      nan
      nan      nan

      nan      nan
      nan      nan
      nan      nan

      nan      nan
      nan      nan
      nan      nan

      nan      nan
      nan      nan
      nan      nan

      nan      nan
      nan      nan
      nan      nan

      nan      nan
      nan      nan
      nan      nan

      nan      nan
      nan      nan
      nan      nan

      nan      nan
      nan      nan
      nan      nan

      nan      nan
      nan      nan
      nan      nan

      nan      nan
      nan      nan
      nan      nan

      nan      nan
      nan      nan
      nan      nan

      nan      nan
      nan      nan
      nan      nan

      nan      nan
      nan      nan
      nan      nan

      nan      nan
      nan      nan
      nan      nan

      nan      nan
      nan      nan
      nan      nan

      nan      nan
      nan      nan
      nan      nan

      nan      nan
      nan      nan
      nan      nan

      nan      nan
      nan      nan
      nan      nan

      nan      nan
      nan      nan
      nan      nan

      nan      nan
      nan      nan
      nan      nan

      nan      nan
      nan      nan
      nan      nan

      nan      nan
      nan      nan
      nan      nan

      nan      nan
      nan      nan
      nan      nan

      nan      nan
      nan      nan
      nan      nan

      nan      nan
      nan      nan
      nan      nan

      nan      nan
      nan      nan
      nan      nan

      nan      nan
      nan      nan
      nan      nan

      nan      nan
      nan      nan
      nan      nan

      nan      nan
      nan      nan
      nan      nan

      nan      nan
      nan      nan
      nan      nan

      nan      nan
      nan      nan
      nan      nan

      nan      nan
      nan      nan
      nan      nan

      nan      nan
      nan      nan
      nan      nan

      nan      nan
      nan      nan
      nan      nan

      nan      nan
      nan      nan
      nan      nan

      nan      nan
      nan      nan
      nan      nan

      nan      nan
      nan      nan
      nan      nan

      nan      nan
      nan      nan
      nan      nan

      nan      nan
      nan      nan
      nan      nan

      nan      nan
      nan      nan
      nan      nan

      nan      nan
      nan      nan
      nan      nan

      nan      nan
      nan      nan
      nan      nan

      nan      nan
      nan      nan
      nan      nan

      nan      nan
      nan      nan
      nan      nan

      nan      nan
      nan      nan
      nan      nan

      nan      nan
      nan      nan
      nan      nan

      nan      nan
      nan      nan
      nan      nan

      nan      nan
      nan      nan
      nan      nan

      nan      nan
      nan      nan
      nan      nan

      nan      nan
      nan      nan
      nan      nan

      nan      nan
      nan      nan
      nan      nan

      nan      nan
      nan      nan
      nan      nan

      nan      nan
      nan      nan
      nan      nan

      nan      nan
      nan      nan
      nan      nan

      nan      nan
      nan      nan
      nan      nan

      nan      nan
      nan      nan
      nan      nan

      nan      nan
      nan      nan
      nan      nan

      nan      nan
      nan      nan
      nan      nan

      nan      nan
      nan      nan
      nan      nan

      nan      nan
      nan      nan
      nan      nan

      nan      nan
      nan      nan
      nan      nan

      nan      nan
      nan      nan
      nan      nan

      nan      nan
      nan      nan
      nan      nan

      nan      nan
      nan      nan
      nan      nan

      nan      nan
      nan      nan
      nan      nan

      nan      nan
      nan      nan
      nan      nan

      nan      nan
      nan      nan
      nan      nan

      nan      nan
      nan      nan
      nan      nan

      nan      nan
      nan      nan
      nan      nan

      nan      nan
      nan      nan
      nan      nan

      nan      nan
      nan      nan
      nan      nan

      nan      nan
      nan      nan
      nan      nan

      nan      nan
      nan      nan
      nan      nan

      nan      nan
      nan      nan
      nan      nan

      nan      nan
      nan      nan
      nan      nan

      nan      nan
      nan      nan
      nan      nan

      nan      nan
      nan      nan
      nan      nan

      nan      nan
      nan      nan
      nan      nan

      nan      nan
      nan      nan
      nan      nan

      nan      nan
      nan      nan
      nan      nan

      nan      nan
      nan      nan
      nan      nan

      nan      nan
      nan      nan
      nan      nan

