                       71 0.2
                       71 0.220175
                       71 0.240351
                       71 0.260526
                       71 0.280702
                       71 0.300877
                       71 0.321053
                       71 0.341228
                       71 0.361404
                       71 0.381579
                       71 0.401754
                       71 0.42193
                       71 0.442105
                       71 0.462281
                       71 0.482456
                       71 0.502632
                       71 0.522807
                       70 0.542982
                       70 0.563158
                       70 0.583333
                       70 0.603509
                       70 0.623684
                       70 0.64386
                       70 0.664035
                       70 0.684211
                       70 0.704386
                       70 0.724561
                       70 0.744737
                       70 0.764912
                       70 0.785088
                       70 0.805263
                       70 0.825439
                       70 0.845614
                       71 0.865789
                       71 0.885965
                       71 0.90614
                       71 0.926316
                       71 0.946491
                       71 0.966667
                       70 0.986842
                       70 1.00702
                       70 1.02719
                       70 1.04737
                       71 1.06754
                       71 1.08772
                       71 1.10789
                       71 1.12807
                       71 1.14825
                       71 1.16842
                       71 1.1886
                       70 1.20877
                       70 1.22895
                       70 1.24912
                       70 1.2693
                       70 1.28947
                       70 1.30965
                       70 1.32982
                       70 1.35
                       70 1.37018
                       70 1.39035
                       70 1.41053
                       70 1.4307
                       70 1.45088
                       70 1.47105
                       70 1.49123
                       70 1.5114
                       70 1.53158
                       70 1.55175
                       70 1.57193
                       70 1.59211
                       70 1.61228
                       70 1.63246
                       70 1.65263
                       70 1.67281
                       70 1.69298
                       70 1.71316
                       70 1.73333
                       70 1.75351
                       70 1.77368
                       70 1.79386
                       70 1.81404
                       70 1.83421
                       70 1.85439
                       70 1.87456
                       71 1.89474
                       71 1.91491
                       71 1.93509
                       71 1.95526
                       71 1.97544
                       71 1.99561
                       71 2.01579
                       71 2.03596
                       71 2.05614
                       71 2.07632
                       71 2.09649
                       71 2.11667
                       71 2.13684
                       71 2.15702
                       71 2.17719
                       71 2.19737
                       71 2.21754
                       71 2.23772
                       72 2.25789
                       71 2.27807
                       71 2.29825
                       71 2.31842
                       71 2.3386
                       71 2.35877
                       71 2.37895
                       70 2.39912
                       70 2.4193
                       70 2.43947
                       70 2.45965
                       70 2.47982
                       70 2.5
