                       96 0.2
                       96 0.220175
                       96 0.240351
                       96 0.260526
                       96 0.280702
                       96 0.300877
                       96 0.321053
                       96 0.341228
                       96 0.361404
                       96 0.381579
                       96 0.401754
                       96 0.42193
                       96 0.442105
                       96 0.462281
                       96 0.482456
                       96 0.502632
                       96 0.522807
                       96 0.542982
                       96 0.563158
                       96 0.583333
                       96 0.603509
                       96 0.623684
                       96 0.64386
                       96 0.664035
                       96 0.684211
                       96 0.704386
                       96 0.724561
                       96 0.744737
                       96 0.764912
                       96 0.785088
                       96 0.805263
                       96 0.825439
                       96 0.845614
                       96 0.865789
                       96 0.885965
                       96 0.90614
                       96 0.926316
                       96 0.946491
                       96 0.966667
                       96 0.986842
                       96 1.00702
                       96 1.02719
                       96 1.04737
                       96 1.06754
                       96 1.08772
                       96 1.10789
                       96 1.12807
                       96 1.14825
                       96 1.16842
                       96 1.1886
                       96 1.20877
                       96 1.22895
                       96 1.24912
                       96 1.2693
                       96 1.28947
                       96 1.30965
                       96 1.32982
                       96 1.35
                       96 1.37018
                       96 1.39035
                       96 1.41053
                       96 1.4307
                       96 1.45088
                       96 1.47105
                       96 1.49123
                       96 1.5114
                       96 1.53158
                       96 1.55175
                       96 1.57193
                       96 1.59211
                       96 1.61228
                       96 1.63246
                       96 1.65263
                       96 1.67281
                       96 1.69298
                       96 1.71316
                       96 1.73333
                       96 1.75351
                       96 1.77368
                       96 1.79386
                       96 1.81404
                       96 1.83421
                       96 1.85439
                       96 1.87456
                       96 1.89474
                       96 1.91491
                       96 1.93509
                       96 1.95526
                       96 1.97544
                       96 1.99561
                       96 2.01579
                       96 2.03596
                       96 2.05614
                       96 2.07632
                       96 2.09649
                       96 2.11667
                       96 2.13684
                       96 2.15702
                       96 2.17719
                       96 2.19737
                       96 2.21754
                       96 2.23772
                       96 2.25789
                       96 2.27807
                       96 2.29825
                       96 2.31842
                       96 2.3386
                       96 2.35877
                       96 2.37895
                       96 2.39912
                       96 2.4193
                       96 2.43947
                       96 2.45965
                       96 2.47982
                       96 2.5
