                       75 0.2
                       75 0.220175
                       75 0.240351
                       75 0.260526
                       75 0.280702
                       75 0.300877
                       75 0.321053
                       75 0.341228
                       75 0.361404
                       75 0.381579
                       74 0.401754
                       74 0.42193
                       74 0.442105
                       74 0.462281
                       74 0.482456
                       74 0.502632
                       74 0.522807
                       74 0.542982
                       74 0.563158
                       74 0.583333
                       74 0.603509
                       74 0.623684
                       74 0.64386
                       74 0.664035
                       74 0.684211
                       74 0.704386
                       74 0.724561
                       74 0.744737
                       74 0.764912
                       74 0.785088
                       74 0.805263
                       74 0.825439
                       74 0.845614
                       75 0.865789
                       75 0.885965
                       75 0.90614
                       74 0.926316
                       74 0.946491
                       74 0.966667
                       74 0.986842
                       74 1.00702
                       74 1.02719
                       74 1.04737
                       74 1.06754
                       74 1.08772
                       74 1.10789
                       74 1.12807
                       74 1.14825
                       74 1.16842
                       74 1.1886
                       74 1.20877
                       75 1.22895
                       75 1.24912
                       74 1.2693
                       74 1.28947
                       74 1.30965
                       74 1.32982
                       74 1.35
                       74 1.37018
                       74 1.39035
                       74 1.41053
                       74 1.4307
                       74 1.45088
                       74 1.47105
                       74 1.49123
                       74 1.5114
                       74 1.53158
                       74 1.55175
                       74 1.57193
                       74 1.59211
                       74 1.61228
                       74 1.63246
                       74 1.65263
                       74 1.67281
                       74 1.69298
                       74 1.71316
                       74 1.73333
                       74 1.75351
                       74 1.77368
                       74 1.79386
                       74 1.81404
                       74 1.83421
                       74 1.85439
                       74 1.87456
                       74 1.89474
                       74 1.91491
                       74 1.93509
                       74 1.95526
                       74 1.97544
                       74 1.99561
                       74 2.01579
                       74 2.03596
                       74 2.05614
                       74 2.07632
                       74 2.09649
                       74 2.11667
                       74 2.13684
                       74 2.15702
                       74 2.17719
                       74 2.19737
                       74 2.21754
                       74 2.23772
                       74 2.25789
                       74 2.27807
                       74 2.29825
                       74 2.31842
                       74 2.3386
                       74 2.35877
                       74 2.37895
                       74 2.39912
                       74 2.4193
                       74 2.43947
                       74 2.45965
                       74 2.47982
                       74 2.5
