                       91 0.2
                       91 0.220175
                       91 0.240351
                       91 0.260526
                       91 0.280702
                       91 0.300877
                       91 0.321053
                       91 0.341228
                       91 0.361404
                       91 0.381579
                       91 0.401754
                       91 0.42193
                       91 0.442105
                       91 0.462281
                       91 0.482456
                       91 0.502632
                       91 0.522807
                       91 0.542982
                       91 0.563158
                       91 0.583333
                       91 0.603509
                       91 0.623684
                       91 0.64386
                       91 0.664035
                       91 0.684211
                       91 0.704386
                       91 0.724561
                       91 0.744737
                       91 0.764912
                       91 0.785088
                       91 0.805263
                       91 0.825439
                       91 0.845614
                       91 0.865789
                       91 0.885965
                       91 0.90614
                       91 0.926316
                       91 0.946491
                       91 0.966667
                       91 0.986842
                       91 1.00702
                       91 1.02719
                       91 1.04737
                       91 1.06754
                       91 1.08772
                       92 1.10789
                       92 1.12807
                       92 1.14825
                       92 1.16842
                       92 1.1886
                       92 1.20877
                       92 1.22895
                       92 1.24912
                       92 1.2693
                       92 1.28947
                       92 1.30965
                       92 1.32982
                       92 1.35
                       91 1.37018
                       91 1.39035
                       91 1.41053
                       91 1.4307
                       91 1.45088
                       91 1.47105
                       91 1.49123
                       91 1.5114
                       91 1.53158
                       91 1.55175
                       91 1.57193
                       91 1.59211
                       91 1.61228
                       91 1.63246
                       91 1.65263
                       91 1.67281
                       91 1.69298
                       91 1.71316
                       91 1.73333
                       91 1.75351
                       91 1.77368
                       91 1.79386
                       91 1.81404
                       91 1.83421
                       91 1.85439
                       91 1.87456
                       91 1.89474
                       91 1.91491
                       91 1.93509
                       91 1.95526
                       91 1.97544
                       91 1.99561
                       91 2.01579
                       91 2.03596
                       91 2.05614
                       91 2.07632
                       91 2.09649
                       91 2.11667
                       91 2.13684
                       91 2.15702
                       91 2.17719
                       91 2.19737
                       91 2.21754
                       91 2.23772
                       91 2.25789
                       91 2.27807
                       91 2.29825
                       91 2.31842
                       91 2.3386
                       91 2.35877
                       91 2.37895
                       91 2.39912
                       91 2.4193
                       91 2.43947
                       91 2.45965
                       91 2.47982
                       91 2.5
