                       73 0.2
                       73 0.220175
                       72 0.240351
                       72 0.260526
                       72 0.280702
                       72 0.300877
                       72 0.321053
                       72 0.341228
                       72 0.361404
                       72 0.381579
                       72 0.401754
                       72 0.42193
                       72 0.442105
                       72 0.462281
                       72 0.482456
                       72 0.502632
                       72 0.522807
                       72 0.542982
                       74 0.563158
                       74 0.583333
                       74 0.603509
                       74 0.623684
                       74 0.64386
                       74 0.664035
                       74 0.684211
                       74 0.704386
                       74 0.724561
                       74 0.744737
                       74 0.764912
                       74 0.785088
                       74 0.805263
                       74 0.825439
                       74 0.845614
                       74 0.865789
                       74 0.885965
                       74 0.90614
                       73 0.926316
                       74 0.946491
                       74 0.966667
                       72 0.986842
                       72 1.00702
                       72 1.02719
                       72 1.04737
                       72 1.06754
                       72 1.08772
                       73 1.10789
                       73 1.12807
                       72 1.14825
                       73 1.16842
                       73 1.1886
                       73 1.20877
                       73 1.22895
                       73 1.24912
                       73 1.2693
                       73 1.28947
                       73 1.30965
                       72 1.32982
                       72 1.35
                       73 1.37018
                       73 1.39035
                       73 1.41053
                       73 1.4307
                       73 1.45088
                       73 1.47105
                       74 1.49123
                       73 1.5114
                       73 1.53158
                       73 1.55175
                       73 1.57193
                       74 1.59211
                       74 1.61228
                       73 1.63246
                       73 1.65263
                       71 1.67281
                       72 1.69298
                       71 1.71316
                       71 1.73333
                       72 1.75351
                       72 1.77368
                       73 1.79386
                       72 1.81404
                       72 1.83421
                       72 1.85439
                       72 1.87456
                       72 1.89474
                       73 1.91491
                       73 1.93509
                       71 1.95526
                       71 1.97544
                       71 1.99561
                       71 2.01579
                       71 2.03596
                       73 2.05614
                       73 2.07632
                       72 2.09649
                       72 2.11667
                       72 2.13684
                       72 2.15702
                       72 2.17719
                       71 2.19737
                       72 2.21754
                       72 2.23772
                       71 2.25789
                       71 2.27807
                       71 2.29825
                       72 2.31842
                       72 2.3386
                       73 2.35877
                       72 2.37895
                       72 2.39912
                       72 2.4193
                       71 2.43947
                       71 2.45965
                       71 2.47982
                       71 2.5
