                       93 0.2
                       93 0.220175
                       93 0.240351
                       93 0.260526
                       93 0.280702
                       93 0.300877
                       93 0.321053
                       93 0.341228
                       93 0.361404
                       94 0.381579
                       93 0.401754
                       93 0.42193
                       93 0.442105
                       93 0.462281
                       93 0.482456
                       93 0.502632
                       93 0.522807
                       93 0.542982
                       93 0.563158
                       93 0.583333
                       93 0.603509
                       93 0.623684
                       93 0.64386
                       93 0.664035
                       94 0.684211
                       93 0.704386
                       93 0.724561
                       93 0.744737
                       93 0.764912
                       93 0.785088
                       93 0.805263
                       93 0.825439
                       93 0.845614
                       93 0.865789
                       93 0.885965
                       93 0.90614
                       93 0.926316
                       93 0.946491
                       93 0.966667
                       93 0.986842
                       93 1.00702
                       93 1.02719
                       93 1.04737
                       93 1.06754
                       93 1.08772
                       93 1.10789
                       93 1.12807
                       93 1.14825
                       93 1.16842
                       93 1.1886
                       93 1.20877
                       93 1.22895
                       93 1.24912
                       93 1.2693
                       93 1.28947
                       93 1.30965
                       93 1.32982
                       93 1.35
                       93 1.37018
                       93 1.39035
                       93 1.41053
                       93 1.4307
                       93 1.45088
                       93 1.47105
                       93 1.49123
                       93 1.5114
                       93 1.53158
                       93 1.55175
                       93 1.57193
                       93 1.59211
                       93 1.61228
                       93 1.63246
                       93 1.65263
                       93 1.67281
                       93 1.69298
                       93 1.71316
                       93 1.73333
                       93 1.75351
                       93 1.77368
                       93 1.79386
                       93 1.81404
                       93 1.83421
                       93 1.85439
                       93 1.87456
                       93 1.89474
                       93 1.91491
                       93 1.93509
                       93 1.95526
                       93 1.97544
                       93 1.99561
                       93 2.01579
                       93 2.03596
                       93 2.05614
                       93 2.07632
                       93 2.09649
                       93 2.11667
                       93 2.13684
                       93 2.15702
                       93 2.17719
                       93 2.19737
                       93 2.21754
                       93 2.23772
                       93 2.25789
                       93 2.27807
                       93 2.29825
                       93 2.31842
                       93 2.3386
                       93 2.35877
                       93 2.37895
                       93 2.39912
                       93 2.4193
                       93 2.43947
                       93 2.45965
                       93 2.47982
                       93 2.5
