              x log10(|u - v|)
   1.000000e-03  -1.163490e+01
   1.998999e-03  -1.053779e+01
   2.997998e-03  -1.003170e+01
   3.996997e-03  -9.700416e+00
   4.995996e-03  -9.454436e+00
   5.994995e-03  -9.259163e+00
   6.993994e-03  -9.097539e+00
   7.992993e-03  -8.959883e+00
   8.991992e-03  -8.840174e+00
   9.990991e-03  -8.734407e+00
   1.098999e-02  -8.639782e+00
   1.198899e-02  -8.554269e+00
   1.298799e-02  -8.476343e+00
   1.398699e-02  -8.404835e+00
   1.498599e-02  -8.338825e+00
   1.598498e-02  -8.277579e+00
   1.698398e-02  -8.220500e+00
   1.798298e-02  -8.167095e+00
   1.898198e-02  -8.116956e+00
   1.998098e-02  -8.069739e+00
   2.097998e-02  -8.025149e+00
   2.197898e-02  -7.982936e+00
   2.297798e-02  -7.942884e+00
   2.397698e-02  -7.904803e+00
   2.497598e-02  -7.868529e+00
   2.597497e-02  -7.833917e+00
   2.697397e-02  -7.800838e+00
   2.797297e-02  -7.769178e+00
   2.897197e-02  -7.738836e+00
   2.997097e-02  -7.709720e+00
   3.096997e-02  -7.681748e+00
   3.196897e-02  -7.654845e+00
   3.296797e-02  -7.628946e+00
   3.396697e-02  -7.603987e+00
   3.496597e-02  -7.579914e+00
   3.596496e-02  -7.556676e+00
   3.696396e-02  -7.534226e+00
   3.796296e-02  -7.512521e+00
   3.896196e-02  -7.491521e+00
   3.996096e-02  -7.471190e+00
   4.095996e-02  -7.451495e+00
   4.195896e-02  -7.432403e+00
   4.295796e-02  -7.413887e+00
   4.395696e-02  -7.395918e+00
   4.495596e-02  -7.378472e+00
   4.595495e-02  -7.361525e+00
   4.695395e-02  -7.345056e+00
   4.795295e-02  -7.329043e+00
   4.895195e-02  -7.313468e+00
   4.995095e-02  -7.298312e+00
   5.094995e-02  -7.283558e+00
   5.194895e-02  -7.269191e+00
   5.294795e-02  -7.255195e+00
   5.394695e-02  -7.241556e+00
   5.494595e-02  -7.228261e+00
   5.594494e-02  -7.215296e+00
   5.694394e-02  -7.202651e+00
   5.794294e-02  -7.190313e+00
   5.894194e-02  -7.178271e+00
   5.994094e-02  -7.166516e+00
   6.093994e-02  -7.155038e+00
   6.193894e-02  -7.143827e+00
   6.293794e-02  -7.132875e+00
   6.393694e-02  -7.122173e+00
   6.493594e-02  -7.111713e+00
   6.593493e-02  -7.101488e+00
   6.693393e-02  -7.091490e+00
   6.793293e-02  -7.081713e+00
   6.893193e-02  -7.072149e+00
   6.993093e-02  -7.062793e+00
   7.092993e-02  -7.053638e+00
   7.192893e-02  -7.044678e+00
   7.292793e-02  -7.035908e+00
   7.392693e-02  -7.027323e+00
   7.492593e-02  -7.018917e+00
   7.592492e-02  -7.010686e+00
   7.692392e-02  -7.002625e+00
   7.792292e-02  -6.994728e+00
   7.892192e-02  -6.986993e+00
   7.992092e-02  -6.979414e+00
   8.091992e-02  -6.971988e+00
   8.191892e-02  -6.964710e+00
   8.291792e-02  -6.957577e+00
   8.391692e-02  -6.950586e+00
   8.491592e-02  -6.943732e+00
   8.591491e-02  -6.937013e+00
   8.691391e-02  -6.930424e+00
   8.791291e-02  -6.923964e+00
   8.891191e-02  -6.917629e+00
   8.991091e-02  -6.911416e+00
   9.090991e-02  -6.905323e+00
   9.190891e-02  -6.899345e+00
   9.290791e-02  -6.893482e+00
   9.390691e-02  -6.887730e+00
   9.490591e-02  -6.882087e+00
   9.590490e-02  -6.876550e+00
   9.690390e-02  -6.871117e+00
   9.790290e-02  -6.865786e+00
   9.890190e-02  -6.860555e+00
   9.990090e-02  -6.855422e+00
   1.008999e-01  -6.850384e+00
   1.018989e-01  -6.845439e+00
   1.028979e-01  -6.840586e+00
   1.038969e-01  -6.835823e+00
   1.048959e-01  -6.831147e+00
   1.058949e-01  -6.826558e+00
   1.068939e-01  -6.822053e+00
   1.078929e-01  -6.817631e+00
   1.088919e-01  -6.813290e+00
   1.098909e-01  -6.809029e+00
   1.108899e-01  -6.804845e+00
   1.118889e-01  -6.800738e+00
   1.128879e-01  -6.796706e+00
   1.138869e-01  -6.792748e+00
   1.148859e-01  -6.788862e+00
   1.158849e-01  -6.785047e+00
   1.168839e-01  -6.781301e+00
   1.178829e-01  -6.777624e+00
   1.188819e-01  -6.774014e+00
   1.198809e-01  -6.770469e+00
   1.208799e-01  -6.766990e+00
   1.218789e-01  -6.763574e+00
   1.228779e-01  -6.760220e+00
   1.238769e-01  -6.756928e+00
   1.248759e-01  -6.753696e+00
   1.258749e-01  -6.750524e+00
   1.268739e-01  -6.747409e+00
   1.278729e-01  -6.744352e+00
   1.288719e-01  -6.741352e+00
   1.298709e-01  -6.738406e+00
   1.308699e-01  -6.735515e+00
   1.318689e-01  -6.732678e+00
   1.328679e-01  -6.729893e+00
   1.338669e-01  -6.727160e+00
   1.348659e-01  -6.724477e+00
   1.358649e-01  -6.721845e+00
   1.368639e-01  -6.719263e+00
   1.378629e-01  -6.716729e+00
   1.388619e-01  -6.714242e+00
   1.398609e-01  -6.711803e+00
   1.408599e-01  -6.709410e+00
   1.418589e-01  -6.707062e+00
   1.428579e-01  -6.704760e+00
   1.438569e-01  -6.702501e+00
   1.448559e-01  -6.700286e+00
   1.458549e-01  -6.698114e+00
   1.468539e-01  -6.695984e+00
   1.478529e-01  -6.693896e+00
   1.488519e-01  -6.691849e+00
   1.498509e-01  -6.689842e+00
   1.508498e-01  -6.687875e+00
   1.518488e-01  -6.685946e+00
   1.528478e-01  -6.684057e+00
   1.538468e-01  -6.682206e+00
   1.548458e-01  -6.680392e+00
   1.558448e-01  -6.678615e+00
   1.568438e-01  -6.676874e+00
   1.578428e-01  -6.675170e+00
   1.588418e-01  -6.673501e+00
   1.598408e-01  -6.671867e+00
   1.608398e-01  -6.670267e+00
   1.618388e-01  -6.668701e+00
   1.628378e-01  -6.667169e+00
   1.638368e-01  -6.665669e+00
   1.648358e-01  -6.664203e+00
   1.658348e-01  -6.662768e+00
   1.668338e-01  -6.661366e+00
   1.678328e-01  -6.659994e+00
   1.688318e-01  -6.658653e+00
   1.698308e-01  -6.657343e+00
   1.708298e-01  -6.656063e+00
   1.718288e-01  -6.654813e+00
   1.728278e-01  -6.653592e+00
   1.738268e-01  -6.652400e+00
   1.748258e-01  -6.651236e+00
   1.758248e-01  -6.650100e+00
   1.768238e-01  -6.648993e+00
   1.778228e-01  -6.647912e+00
   1.788218e-01  -6.646859e+00
   1.798208e-01  -6.645833e+00
   1.808198e-01  -6.644833e+00
   1.818188e-01  -6.643859e+00
   1.828178e-01  -6.642911e+00
   1.838168e-01  -6.641988e+00
   1.848158e-01  -6.641090e+00
   1.858148e-01  -6.640218e+00
   1.868138e-01  -6.639369e+00
   1.878128e-01  -6.638545e+00
   1.888118e-01  -6.637745e+00
   1.898108e-01  -6.636969e+00
   1.908098e-01  -6.636216e+00
   1.918088e-01  -6.635486e+00
   1.928078e-01  -6.634779e+00
   1.938068e-01  -6.634094e+00
   1.948058e-01  -6.633432e+00
   1.958048e-01  -6.632792e+00
   1.968038e-01  -6.632173e+00
   1.978028e-01  -6.631576e+00
   1.988018e-01  -6.631000e+00
   1.998008e-01  -6.630445e+00
   2.007998e-01  -6.629911e+00
   2.017988e-01  -6.629398e+00
   2.027978e-01  -6.628905e+00
   2.037968e-01  -6.628432e+00
   2.047958e-01  -6.627978e+00
   2.057948e-01  -6.627545e+00
   2.067938e-01  -6.627131e+00
   2.077928e-01  -6.626736e+00
   2.087918e-01  -6.626360e+00
   2.097908e-01  -6.626002e+00
   2.107898e-01  -6.625664e+00
   2.117888e-01  -6.625343e+00
   2.127878e-01  -6.625041e+00
   2.137868e-01  -6.624757e+00
   2.147858e-01  -6.624491e+00
   2.157848e-01  -6.624242e+00
   2.167838e-01  -6.624011e+00
   2.177828e-01  -6.623796e+00
   2.187818e-01  -6.623599e+00
   2.197808e-01  -6.623419e+00
   2.207798e-01  -6.623255e+00
   2.217788e-01  -6.623108e+00
   2.227778e-01  -6.622977e+00
   2.237768e-01  -6.622863e+00
   2.247758e-01  -6.622764e+00
   2.257748e-01  -6.622682e+00
   2.267738e-01  -6.622614e+00
   2.277728e-01  -6.622563e+00
   2.287718e-01  -6.622527e+00
   2.297708e-01  -6.622506e+00
   2.307698e-01  -6.622500e+00
   2.317688e-01  -6.622509e+00
   2.327678e-01  -6.622533e+00
   2.337668e-01  -6.622571e+00
   2.347658e-01  -6.622624e+00
   2.357648e-01  -6.622691e+00
   2.367638e-01  -6.622772e+00
   2.377628e-01  -6.622868e+00
   2.387618e-01  -6.622977e+00
   2.397608e-01  -6.623100e+00
   2.407598e-01  -6.623237e+00
   2.417588e-01  -6.623387e+00
   2.427578e-01  -6.623551e+00
   2.437568e-01  -6.623727e+00
   2.447558e-01  -6.623918e+00
   2.457548e-01  -6.624121e+00
   2.467538e-01  -6.624337e+00
   2.477528e-01  -6.624565e+00
   2.487518e-01  -6.624807e+00
   2.497508e-01  -6.625061e+00
   2.507497e-01  -6.625327e+00
   2.517487e-01  -6.625606e+00
   2.527477e-01  -6.625896e+00
   2.537467e-01  -6.626199e+00
   2.547457e-01  -6.626514e+00
   2.557447e-01  -6.626841e+00
   2.567437e-01  -6.627180e+00
   2.577427e-01  -6.627530e+00
   2.587417e-01  -6.627892e+00
   2.597407e-01  -6.628265e+00
   2.607397e-01  -6.628650e+00
   2.617387e-01  -6.629046e+00
   2.627377e-01  -6.629453e+00
   2.637367e-01  -6.629871e+00
   2.647357e-01  -6.630300e+00
   2.657347e-01  -6.630740e+00
   2.667337e-01  -6.631191e+00
   2.677327e-01  -6.631653e+00
   2.687317e-01  -6.632125e+00
   2.697307e-01  -6.632607e+00
   2.707297e-01  -6.633100e+00
   2.717287e-01  -6.633604e+00
   2.727277e-01  -6.634118e+00
   2.737267e-01  -6.634642e+00
   2.747257e-01  -6.635176e+00
   2.757247e-01  -6.635720e+00
   2.767237e-01  -6.636273e+00
   2.777227e-01  -6.636837e+00
   2.787217e-01  -6.637411e+00
   2.797207e-01  -6.637994e+00
   2.807197e-01  -6.638587e+00
   2.817187e-01  -6.639190e+00
   2.827177e-01  -6.639801e+00
   2.837167e-01  -6.640423e+00
   2.847157e-01  -6.641053e+00
   2.857147e-01  -6.641693e+00
   2.867137e-01  -6.642342e+00
   2.877127e-01  -6.643001e+00
   2.887117e-01  -6.643668e+00
   2.897107e-01  -6.644344e+00
   2.907097e-01  -6.645029e+00
   2.917087e-01  -6.645723e+00
   2.927077e-01  -6.646426e+00
   2.937067e-01  -6.647138e+00
   2.947057e-01  -6.647858e+00
   2.957047e-01  -6.648587e+00
   2.967037e-01  -6.649324e+00
   2.977027e-01  -6.650070e+00
   2.987017e-01  -6.650824e+00
   2.997007e-01  -6.651586e+00
   3.006997e-01  -6.652357e+00
   3.016987e-01  -6.653136e+00
   3.026977e-01  -6.653923e+00
   3.036967e-01  -6.654719e+00
   3.046957e-01  -6.655522e+00
   3.056947e-01  -6.656333e+00
   3.066937e-01  -6.657153e+00
   3.076927e-01  -6.657980e+00
   3.086917e-01  -6.658815e+00
   3.096907e-01  -6.659658e+00
   3.106897e-01  -6.660509e+00
   3.116887e-01  -6.661367e+00
   3.126877e-01  -6.662233e+00
   3.136867e-01  -6.663106e+00
   3.146857e-01  -6.663988e+00
   3.156847e-01  -6.664876e+00
   3.166837e-01  -6.665772e+00
   3.176827e-01  -6.666676e+00
   3.186817e-01  -6.667586e+00
   3.196807e-01  -6.668505e+00
   3.206797e-01  -6.669430e+00
   3.216787e-01  -6.670362e+00
   3.226777e-01  -6.671302e+00
   3.236767e-01  -6.672249e+00
   3.246757e-01  -6.673203e+00
   3.256747e-01  -6.674164e+00
   3.266737e-01  -6.675132e+00
   3.276727e-01  -6.676107e+00
   3.286717e-01  -6.677089e+00
   3.296707e-01  -6.678078e+00
   3.306697e-01  -6.679074e+00
   3.316687e-01  -6.680076e+00
   3.326677e-01  -6.681085e+00
   3.336667e-01  -6.682101e+00
   3.346657e-01  -6.683124e+00
   3.356647e-01  -6.684153e+00
   3.366637e-01  -6.685189e+00
   3.376627e-01  -6.686232e+00
   3.386617e-01  -6.687281e+00
   3.396607e-01  -6.688336e+00
   3.406597e-01  -6.689399e+00
   3.416587e-01  -6.690467e+00
   3.426577e-01  -6.691542e+00
   3.436567e-01  -6.692623e+00
   3.446557e-01  -6.693711e+00
   3.456547e-01  -6.694805e+00
   3.466537e-01  -6.695905e+00
   3.476527e-01  -6.697012e+00
   3.486517e-01  -6.698124e+00
   3.496507e-01  -6.699243e+00
   3.506496e-01  -6.700368e+00
   3.516486e-01  -6.701500e+00
   3.526476e-01  -6.702637e+00
   3.536466e-01  -6.703780e+00
   3.546456e-01  -6.704930e+00
   3.556446e-01  -6.706085e+00
   3.566436e-01  -6.707247e+00
   3.576426e-01  -6.708414e+00
   3.586416e-01  -6.709587e+00
   3.596406e-01  -6.710767e+00
   3.606396e-01  -6.711952e+00
   3.616386e-01  -6.713143e+00
   3.626376e-01  -6.714339e+00
   3.636366e-01  -6.715542e+00
   3.646356e-01  -6.716751e+00
   3.656346e-01  -6.717965e+00
   3.666336e-01  -6.719185e+00
   3.676326e-01  -6.720410e+00
   3.686316e-01  -6.721642e+00
   3.696306e-01  -6.722879e+00
   3.706296e-01  -6.724121e+00
   3.716286e-01  -6.725369e+00
   3.726276e-01  -6.726623e+00
   3.736266e-01  -6.727883e+00
   3.746256e-01  -6.729148e+00
   3.756246e-01  -6.730418e+00
   3.766236e-01  -6.731694e+00
   3.776226e-01  -6.732976e+00
   3.786216e-01  -6.734263e+00
   3.796206e-01  -6.735556e+00
   3.806196e-01  -6.736854e+00
   3.816186e-01  -6.738157e+00
   3.826176e-01  -6.739466e+00
   3.836166e-01  -6.740780e+00
   3.846156e-01  -6.742100e+00
   3.856146e-01  -6.743425e+00
   3.866136e-01  -6.744755e+00
   3.876126e-01  -6.746090e+00
   3.886116e-01  -6.747431e+00
   3.896106e-01  -6.748777e+00
   3.906096e-01  -6.750129e+00
   3.916086e-01  -6.751486e+00
   3.926076e-01  -6.752848e+00
   3.936066e-01  -6.754215e+00
   3.946056e-01  -6.755587e+00
   3.956046e-01  -6.756965e+00
   3.966036e-01  -6.758347e+00
   3.976026e-01  -6.759735e+00
   3.986016e-01  -6.761129e+00
   3.996006e-01  -6.762527e+00
   4.005996e-01  -6.763930e+00
   4.015986e-01  -6.765339e+00
   4.025976e-01  -6.766752e+00
   4.035966e-01  -6.768171e+00
   4.045956e-01  -6.769595e+00
   4.055946e-01  -6.771024e+00
   4.065936e-01  -6.772458e+00
   4.075926e-01  -6.773897e+00
   4.085916e-01  -6.775340e+00
   4.095906e-01  -6.776790e+00
   4.105896e-01  -6.778244e+00
   4.115886e-01  -6.779703e+00
   4.125876e-01  -6.781167e+00
   4.135866e-01  -6.782636e+00
   4.145856e-01  -6.784110e+00
   4.155846e-01  -6.785589e+00
   4.165836e-01  -6.787073e+00
   4.175826e-01  -6.788561e+00
   4.185816e-01  -6.790055e+00
   4.195806e-01  -6.791554e+00
   4.205796e-01  -6.793058e+00
   4.215786e-01  -6.794566e+00
   4.225776e-01  -6.796080e+00
   4.235766e-01  -6.797598e+00
   4.245756e-01  -6.799122e+00
   4.255746e-01  -6.800650e+00
   4.265736e-01  -6.802183e+00
   4.275726e-01  -6.803721e+00
   4.285716e-01  -6.805264e+00
   4.295706e-01  -6.806811e+00
   4.305696e-01  -6.808364e+00
   4.315686e-01  -6.809921e+00
   4.325676e-01  -6.811483e+00
   4.335666e-01  -6.813051e+00
   4.345656e-01  -6.814622e+00
   4.355646e-01  -6.816199e+00
   4.365636e-01  -6.817781e+00
   4.375626e-01  -6.819367e+00
   4.385616e-01  -6.820958e+00
   4.395606e-01  -6.822554e+00
   4.405596e-01  -6.824155e+00
   4.415586e-01  -6.825761e+00
   4.425576e-01  -6.827371e+00
   4.435566e-01  -6.828987e+00
   4.445556e-01  -6.830607e+00
   4.455546e-01  -6.832232e+00
   4.465536e-01  -6.833861e+00
   4.475526e-01  -6.835496e+00
   4.485516e-01  -6.837135e+00
   4.495506e-01  -6.838779e+00
   4.505495e-01  -6.840428e+00
   4.515485e-01  -6.842081e+00
   4.525475e-01  -6.843740e+00
   4.535465e-01  -6.845403e+00
   4.545455e-01  -6.847071e+00
   4.555445e-01  -6.848744e+00
   4.565435e-01  -6.850421e+00
   4.575425e-01  -6.852103e+00
   4.585415e-01  -6.853790e+00
   4.595405e-01  -6.855482e+00
   4.605395e-01  -6.857179e+00
   4.615385e-01  -6.858880e+00
   4.625375e-01  -6.860586e+00
   4.635365e-01  -6.862297e+00
   4.645355e-01  -6.864013e+00
   4.655345e-01  -6.865734e+00
   4.665335e-01  -6.867459e+00
   4.675325e-01  -6.869189e+00
   4.685315e-01  -6.870924e+00
   4.695305e-01  -6.872664e+00
   4.705295e-01  -6.874408e+00
   4.715285e-01  -6.876157e+00
   4.725275e-01  -6.877911e+00
   4.735265e-01  -6.879670e+00
   4.745255e-01  -6.881434e+00
   4.755245e-01  -6.883202e+00
   4.765235e-01  -6.884976e+00
   4.775225e-01  -6.886754e+00
   4.785215e-01  -6.888537e+00
   4.795205e-01  -6.890325e+00
   4.805195e-01  -6.892117e+00
   4.815185e-01  -6.893914e+00
   4.825175e-01  -6.895717e+00
   4.835165e-01  -6.897524e+00
   4.845155e-01  -6.899336e+00
   4.855145e-01  -6.901152e+00
   4.865135e-01  -6.902974e+00
   4.875125e-01  -6.904800e+00
   4.885115e-01  -6.906632e+00
   4.895105e-01  -6.908468e+00
   4.905095e-01  -6.910309e+00
   4.915085e-01  -6.912155e+00
   4.925075e-01  -6.914006e+00
   4.935065e-01  -6.915861e+00
   4.945055e-01  -6.917722e+00
   4.955045e-01  -6.919588e+00
   4.965035e-01  -6.921458e+00
   4.975025e-01  -6.923333e+00
   4.985015e-01  -6.925214e+00
   4.995005e-01  -6.927099e+00
   5.004995e-01  -6.928989e+00
   5.014985e-01  -6.930884e+00
   5.024975e-01  -6.932784e+00
   5.034965e-01  -6.934689e+00
   5.044955e-01  -6.936599e+00
   5.054945e-01  -6.938514e+00
   5.064935e-01  -6.940434e+00
   5.074925e-01  -6.942359e+00
   5.084915e-01  -6.944289e+00
   5.094905e-01  -6.946224e+00
   5.104895e-01  -6.948164e+00
   5.114885e-01  -6.950109e+00
   5.124875e-01  -6.952059e+00
   5.134865e-01  -6.954014e+00
   5.144855e-01  -6.955974e+00
   5.154845e-01  -6.957939e+00
   5.164835e-01  -6.959910e+00
   5.174825e-01  -6.961885e+00
   5.184815e-01  -6.963865e+00
   5.194805e-01  -6.965851e+00
   5.204795e-01  -6.967842e+00
   5.214785e-01  -6.969838e+00
   5.224775e-01  -6.971839e+00
   5.234765e-01  -6.973845e+00
   5.244755e-01  -6.975856e+00
   5.254745e-01  -6.977873e+00
   5.264735e-01  -6.979894e+00
   5.274725e-01  -6.981921e+00
   5.284715e-01  -6.983954e+00
   5.294705e-01  -6.985991e+00
   5.304695e-01  -6.988034e+00
   5.314685e-01  -6.990081e+00
   5.324675e-01  -6.992135e+00
   5.334665e-01  -6.994193e+00
   5.344655e-01  -6.996257e+00
   5.354645e-01  -6.998326e+00
   5.364635e-01  -7.000400e+00
   5.374625e-01  -7.002480e+00
   5.384615e-01  -7.004565e+00
   5.394605e-01  -7.006655e+00
   5.404595e-01  -7.008751e+00
   5.414585e-01  -7.010852e+00
   5.424575e-01  -7.012959e+00
   5.434565e-01  -7.015071e+00
   5.444555e-01  -7.017188e+00
   5.454545e-01  -7.019311e+00
   5.464535e-01  -7.021440e+00
   5.474525e-01  -7.023573e+00
   5.484515e-01  -7.025713e+00
   5.494505e-01  -7.027858e+00
   5.504494e-01  -7.030008e+00
   5.514484e-01  -7.032164e+00
   5.524474e-01  -7.034326e+00
   5.534464e-01  -7.036493e+00
   5.544454e-01  -7.038665e+00
   5.554444e-01  -7.040844e+00
   5.564434e-01  -7.043028e+00
   5.574424e-01  -7.045217e+00
   5.584414e-01  -7.047413e+00
   5.594404e-01  -7.049614e+00
   5.604394e-01  -7.051821e+00
   5.614384e-01  -7.054033e+00
   5.624374e-01  -7.056251e+00
   5.634364e-01  -7.058475e+00
   5.644354e-01  -7.060705e+00
   5.654344e-01  -7.062941e+00
   5.664334e-01  -7.065182e+00
   5.674324e-01  -7.067429e+00
   5.684314e-01  -7.069682e+00
   5.694304e-01  -7.071941e+00
   5.704294e-01  -7.074206e+00
   5.714284e-01  -7.076477e+00
   5.724274e-01  -7.078754e+00
   5.734264e-01  -7.081037e+00
   5.744254e-01  -7.083325e+00
   5.754244e-01  -7.085620e+00
   5.764234e-01  -7.087921e+00
   5.774224e-01  -7.090228e+00
   5.784214e-01  -7.092541e+00
   5.794204e-01  -7.094860e+00
   5.804194e-01  -7.097185e+00
   5.814184e-01  -7.099516e+00
   5.824174e-01  -7.101854e+00
   5.834164e-01  -7.104197e+00
   5.844154e-01  -7.106547e+00
   5.854144e-01  -7.108903e+00
   5.864134e-01  -7.111266e+00
   5.874124e-01  -7.113634e+00
   5.884114e-01  -7.116009e+00
   5.894104e-01  -7.118390e+00
   5.904094e-01  -7.120778e+00
   5.914084e-01  -7.123172e+00
   5.924074e-01  -7.125573e+00
   5.934064e-01  -7.127980e+00
   5.944054e-01  -7.130393e+00
   5.954044e-01  -7.132813e+00
   5.964034e-01  -7.135239e+00
   5.974024e-01  -7.137672e+00
   5.984014e-01  -7.140112e+00
   5.994004e-01  -7.142558e+00
   6.003994e-01  -7.145011e+00
   6.013984e-01  -7.147470e+00
   6.023974e-01  -7.149936e+00
   6.033964e-01  -7.152409e+00
   6.043954e-01  -7.154889e+00
   6.053944e-01  -7.157375e+00
   6.063934e-01  -7.159868e+00
   6.073924e-01  -7.162368e+00
   6.083914e-01  -7.164875e+00
   6.093904e-01  -7.167388e+00
   6.103894e-01  -7.169909e+00
   6.113884e-01  -7.172437e+00
   6.123874e-01  -7.174971e+00
   6.133864e-01  -7.177513e+00
   6.143854e-01  -7.180061e+00
   6.153844e-01  -7.182617e+00
   6.163834e-01  -7.185180e+00
   6.173824e-01  -7.187750e+00
   6.183814e-01  -7.190327e+00
   6.193804e-01  -7.192911e+00
   6.203794e-01  -7.195503e+00
   6.213784e-01  -7.198101e+00
   6.223774e-01  -7.200707e+00
   6.233764e-01  -7.203321e+00
   6.243754e-01  -7.205942e+00
   6.253744e-01  -7.208570e+00
   6.263734e-01  -7.211206e+00
   6.273724e-01  -7.213849e+00
   6.283714e-01  -7.216499e+00
   6.293704e-01  -7.219158e+00
   6.303694e-01  -7.221824e+00
   6.313684e-01  -7.224497e+00
   6.323674e-01  -7.227178e+00
   6.333664e-01  -7.229867e+00
   6.343654e-01  -7.232563e+00
   6.353644e-01  -7.235268e+00
   6.363634e-01  -7.237980e+00
   6.373624e-01  -7.240700e+00
   6.383614e-01  -7.243428e+00
   6.393604e-01  -7.246164e+00
   6.403594e-01  -7.248907e+00
   6.413584e-01  -7.251659e+00
   6.423574e-01  -7.254419e+00
   6.433564e-01  -7.257187e+00
   6.443554e-01  -7.259963e+00
   6.453544e-01  -7.262747e+00
   6.463534e-01  -7.265540e+00
   6.473524e-01  -7.268341e+00
   6.483514e-01  -7.271150e+00
   6.493504e-01  -7.273967e+00
   6.503493e-01  -7.276793e+00
   6.513483e-01  -7.279627e+00
   6.523473e-01  -7.282470e+00
   6.533463e-01  -7.285321e+00
   6.543453e-01  -7.288181e+00
   6.553443e-01  -7.291050e+00
   6.563433e-01  -7.293927e+00
   6.573423e-01  -7.296813e+00
   6.583413e-01  -7.299707e+00
   6.593403e-01  -7.302611e+00
   6.603393e-01  -7.305523e+00
   6.613383e-01  -7.308444e+00
   6.623373e-01  -7.311375e+00
   6.633363e-01  -7.314314e+00
   6.643353e-01  -7.317262e+00
   6.653343e-01  -7.320219e+00
   6.663333e-01  -7.323186e+00
   6.673323e-01  -7.326162e+00
   6.683313e-01  -7.329147e+00
   6.693303e-01  -7.332141e+00
   6.703293e-01  -7.335145e+00
   6.713283e-01  -7.338158e+00
   6.723273e-01  -7.341180e+00
   6.733263e-01  -7.344212e+00
   6.743253e-01  -7.347254e+00
   6.753243e-01  -7.350305e+00
   6.763233e-01  -7.353367e+00
   6.773223e-01  -7.356437e+00
   6.783213e-01  -7.359518e+00
   6.793203e-01  -7.362609e+00
   6.803193e-01  -7.365709e+00
   6.813183e-01  -7.368819e+00
   6.823173e-01  -7.371940e+00
   6.833163e-01  -7.375071e+00
   6.843153e-01  -7.378211e+00
   6.853143e-01  -7.381362e+00
   6.863133e-01  -7.384524e+00
   6.873123e-01  -7.387695e+00
   6.883113e-01  -7.390877e+00
   6.893103e-01  -7.394070e+00
   6.903093e-01  -7.397273e+00
   6.913083e-01  -7.400487e+00
   6.923073e-01  -7.403711e+00
   6.933063e-01  -7.406947e+00
   6.943053e-01  -7.410193e+00
   6.953043e-01  -7.413450e+00
   6.963033e-01  -7.416718e+00
   6.973023e-01  -7.419996e+00
   6.983013e-01  -7.423287e+00
   6.993003e-01  -7.426588e+00
   7.002993e-01  -7.429900e+00
   7.012983e-01  -7.433224e+00
   7.022973e-01  -7.436559e+00
   7.032963e-01  -7.439906e+00
   7.042953e-01  -7.443264e+00
   7.052943e-01  -7.446633e+00
   7.062933e-01  -7.450015e+00
   7.072923e-01  -7.453408e+00
   7.082913e-01  -7.456813e+00
   7.092903e-01  -7.460230e+00
   7.102893e-01  -7.463659e+00
   7.112883e-01  -7.467100e+00
   7.122873e-01  -7.470553e+00
   7.132863e-01  -7.474019e+00
   7.142853e-01  -7.477497e+00
   7.152843e-01  -7.480987e+00
   7.162833e-01  -7.484490e+00
   7.172823e-01  -7.488005e+00
   7.182813e-01  -7.491533e+00
   7.192803e-01  -7.495074e+00
   7.202793e-01  -7.498627e+00
   7.212783e-01  -7.502194e+00
   7.222773e-01  -7.505774e+00
   7.232763e-01  -7.509366e+00
   7.242753e-01  -7.512972e+00
   7.252743e-01  -7.516591e+00
   7.262733e-01  -7.520224e+00
   7.272723e-01  -7.523870e+00
   7.282713e-01  -7.527530e+00
   7.292703e-01  -7.531203e+00
   7.302693e-01  -7.534891e+00
   7.312683e-01  -7.538592e+00
   7.322673e-01  -7.542307e+00
   7.332663e-01  -7.546036e+00
   7.342653e-01  -7.549780e+00
   7.352643e-01  -7.553537e+00
   7.362633e-01  -7.557310e+00
   7.372623e-01  -7.561096e+00
   7.382613e-01  -7.564898e+00
   7.392603e-01  -7.568714e+00
   7.402593e-01  -7.572545e+00
   7.412583e-01  -7.576391e+00
   7.422573e-01  -7.580252e+00
   7.432563e-01  -7.584128e+00
   7.442553e-01  -7.588019e+00
   7.452543e-01  -7.591926e+00
   7.462533e-01  -7.595849e+00
   7.472523e-01  -7.599787e+00
   7.482513e-01  -7.603741e+00
   7.492503e-01  -7.607711e+00
   7.502492e-01  -7.611697e+00
   7.512482e-01  -7.615699e+00
   7.522472e-01  -7.619717e+00
   7.532462e-01  -7.623752e+00
   7.542452e-01  -7.627804e+00
   7.552442e-01  -7.631872e+00
   7.562432e-01  -7.635957e+00
   7.572422e-01  -7.640059e+00
   7.582412e-01  -7.644178e+00
   7.592402e-01  -7.648314e+00
   7.602392e-01  -7.652468e+00
   7.612382e-01  -7.656639e+00
   7.622372e-01  -7.660828e+00
   7.632362e-01  -7.665035e+00
   7.642352e-01  -7.669259e+00
   7.652342e-01  -7.673502e+00
   7.662332e-01  -7.677763e+00
   7.672322e-01  -7.682043e+00
   7.682312e-01  -7.686341e+00
   7.692302e-01  -7.690658e+00
   7.702292e-01  -7.694994e+00
   7.712282e-01  -7.699349e+00
   7.722272e-01  -7.703723e+00
   7.732262e-01  -7.708116e+00
   7.742252e-01  -7.712529e+00
   7.752242e-01  -7.716962e+00
   7.762232e-01  -7.721415e+00
   7.772222e-01  -7.725888e+00
   7.782212e-01  -7.730381e+00
   7.792202e-01  -7.734895e+00
   7.802192e-01  -7.739429e+00
   7.812182e-01  -7.743985e+00
   7.822172e-01  -7.748561e+00
   7.832162e-01  -7.753158e+00
   7.842152e-01  -7.757777e+00
   7.852142e-01  -7.762418e+00
   7.862132e-01  -7.767080e+00
   7.872122e-01  -7.771764e+00
   7.882112e-01  -7.776471e+00
   7.892102e-01  -7.781200e+00
   7.902092e-01  -7.785951e+00
   7.912082e-01  -7.790726e+00
   7.922072e-01  -7.795524e+00
   7.932062e-01  -7.800344e+00
   7.942052e-01  -7.805189e+00
   7.952042e-01  -7.810057e+00
   7.962032e-01  -7.814949e+00
   7.972022e-01  -7.819866e+00
   7.982012e-01  -7.824806e+00
   7.992002e-01  -7.829772e+00
   8.001992e-01  -7.834763e+00
   8.011982e-01  -7.839778e+00
   8.021972e-01  -7.844819e+00
   8.031962e-01  -7.849886e+00
   8.041952e-01  -7.854979e+00
   8.051942e-01  -7.860098e+00
   8.061932e-01  -7.865244e+00
   8.071922e-01  -7.870416e+00
   8.081912e-01  -7.875616e+00
   8.091902e-01  -7.880842e+00
   8.101892e-01  -7.886097e+00
   8.111882e-01  -7.891379e+00
   8.121872e-01  -7.896690e+00
   8.131862e-01  -7.902029e+00
   8.141852e-01  -7.907396e+00
   8.151842e-01  -7.912793e+00
   8.161832e-01  -7.918220e+00
   8.171822e-01  -7.923676e+00
   8.181812e-01  -7.929162e+00
   8.191802e-01  -7.934679e+00
   8.201792e-01  -7.940226e+00
   8.211782e-01  -7.945805e+00
   8.221772e-01  -7.951415e+00
   8.231762e-01  -7.957057e+00
   8.241752e-01  -7.962731e+00
   8.251742e-01  -7.968437e+00
   8.261732e-01  -7.974176e+00
   8.271722e-01  -7.979949e+00
   8.281712e-01  -7.985755e+00
   8.291702e-01  -7.991596e+00
   8.301692e-01  -7.997471e+00
   8.311682e-01  -8.003380e+00
   8.321672e-01  -8.009325e+00
   8.331662e-01  -8.015306e+00
   8.341652e-01  -8.021323e+00
   8.351642e-01  -8.027376e+00
   8.361632e-01  -8.033467e+00
   8.371622e-01  -8.039595e+00
   8.381612e-01  -8.045760e+00
   8.391602e-01  -8.051965e+00
   8.401592e-01  -8.058208e+00
   8.411582e-01  -8.064490e+00
   8.421572e-01  -8.070812e+00
   8.431562e-01  -8.077175e+00
   8.441552e-01  -8.083579e+00
   8.451542e-01  -8.090024e+00
   8.461532e-01  -8.096510e+00
   8.471522e-01  -8.103040e+00
   8.481512e-01  -8.109612e+00
   8.491502e-01  -8.116228e+00
   8.501491e-01  -8.122889e+00
   8.511481e-01  -8.129594e+00
   8.521471e-01  -8.136344e+00
   8.531461e-01  -8.143141e+00
   8.541451e-01  -8.149984e+00
   8.551441e-01  -8.156874e+00
   8.561431e-01  -8.163813e+00
   8.571421e-01  -8.170799e+00
   8.581411e-01  -8.177836e+00
   8.591401e-01  -8.184922e+00
   8.601391e-01  -8.192059e+00
   8.611381e-01  -8.199247e+00
   8.621371e-01  -8.206488e+00
   8.631361e-01  -8.213781e+00
   8.641351e-01  -8.221129e+00
   8.651341e-01  -8.228530e+00
   8.661331e-01  -8.235988e+00
   8.671321e-01  -8.243501e+00
   8.681311e-01  -8.251071e+00
   8.691301e-01  -8.258699e+00
   8.701291e-01  -8.266386e+00
   8.711281e-01  -8.274133e+00
   8.721271e-01  -8.281940e+00
   8.731261e-01  -8.289808e+00
   8.741251e-01  -8.297740e+00
   8.751241e-01  -8.305735e+00
   8.761231e-01  -8.313794e+00
   8.771221e-01  -8.321919e+00
   8.781211e-01  -8.330111e+00
   8.791201e-01  -8.338370e+00
   8.801191e-01  -8.346698e+00
   8.811181e-01  -8.355097e+00
   8.821171e-01  -8.363566e+00
   8.831161e-01  -8.372109e+00
   8.841151e-01  -8.380725e+00
   8.851141e-01  -8.389415e+00
   8.861131e-01  -8.398183e+00
   8.871121e-01  -8.407028e+00
   8.881111e-01  -8.415952e+00
   8.891101e-01  -8.424956e+00
   8.901091e-01  -8.434042e+00
   8.911081e-01  -8.443212e+00
   8.921071e-01  -8.452467e+00
   8.931061e-01  -8.461808e+00
   8.941051e-01  -8.471238e+00
   8.951041e-01  -8.480757e+00
   8.961031e-01  -8.490369e+00
   8.971021e-01  -8.500073e+00
   8.981011e-01  -8.509873e+00
   8.991001e-01  -8.519770e+00
   9.000991e-01  -8.529765e+00
   9.010981e-01  -8.539862e+00
   9.020971e-01  -8.550062e+00
   9.030961e-01  -8.560368e+00
   9.040951e-01  -8.570781e+00
   9.050941e-01  -8.581303e+00
   9.060931e-01  -8.591937e+00
   9.070921e-01  -8.602686e+00
   9.080911e-01  -8.613552e+00
   9.090901e-01  -8.624537e+00
   9.100891e-01  -8.635645e+00
   9.110881e-01  -8.646877e+00
   9.120871e-01  -8.658237e+00
   9.130861e-01  -8.669728e+00
   9.140851e-01  -8.681352e+00
   9.150841e-01  -8.693114e+00
   9.160831e-01  -8.705015e+00
   9.170821e-01  -8.717060e+00
   9.180811e-01  -8.729252e+00
   9.190801e-01  -8.741594e+00
   9.200791e-01  -8.754091e+00
   9.210781e-01  -8.766746e+00
   9.220771e-01  -8.779563e+00
   9.230761e-01  -8.792547e+00
   9.240751e-01  -8.805702e+00
   9.250741e-01  -8.819033e+00
   9.260731e-01  -8.832543e+00
   9.270721e-01  -8.846239e+00
   9.280711e-01  -8.860125e+00
   9.290701e-01  -8.874207e+00
   9.300691e-01  -8.888490e+00
   9.310681e-01  -8.902980e+00
   9.320671e-01  -8.917683e+00
   9.330661e-01  -8.932606e+00
   9.340651e-01  -8.947755e+00
   9.350641e-01  -8.963138e+00
   9.360631e-01  -8.978760e+00
   9.370621e-01  -8.994631e+00
   9.380611e-01  -9.010758e+00
   9.390601e-01  -9.027149e+00
   9.400591e-01  -9.043814e+00
   9.410581e-01  -9.060761e+00
   9.420571e-01  -9.078001e+00
   9.430561e-01  -9.095543e+00
   9.440551e-01  -9.113399e+00
   9.450541e-01  -9.131579e+00
   9.460531e-01  -9.150096e+00
   9.470521e-01  -9.168962e+00
   9.480511e-01  -9.188192e+00
   9.490501e-01  -9.207799e+00
   9.500490e-01  -9.227798e+00
   9.510480e-01  -9.248205e+00
   9.520470e-01  -9.269038e+00
   9.530460e-01  -9.290314e+00
   9.540450e-01  -9.312052e+00
   9.550440e-01  -9.334274e+00
   9.560430e-01  -9.357001e+00
   9.570420e-01  -9.380257e+00
   9.580410e-01  -9.404067e+00
   9.590400e-01  -9.428458e+00
   9.600390e-01  -9.453458e+00
   9.610380e-01  -9.479100e+00
   9.620370e-01  -9.505417e+00
   9.630360e-01  -9.532446e+00
   9.640350e-01  -9.560226e+00
   9.650340e-01  -9.588799e+00
   9.660330e-01  -9.618214e+00
   9.670320e-01  -9.648520e+00
   9.680310e-01  -9.679773e+00
   9.690300e-01  -9.712035e+00
   9.700290e-01  -9.745373e+00
   9.710280e-01  -9.779861e+00
   9.720270e-01  -9.815581e+00
   9.730260e-01  -9.852625e+00
   9.740250e-01  -9.891094e+00
   9.750240e-01  -9.931103e+00
   9.760230e-01  -9.972780e+00
   9.770220e-01  -1.001627e+01
   9.780210e-01  -1.006174e+01
   9.790200e-01  -1.010937e+01
   9.800190e-01  -1.015939e+01
   9.810180e-01  -1.021204e+01
   9.820170e-01  -1.026762e+01
   9.830160e-01  -1.032647e+01
   9.840150e-01  -1.038900e+01
   9.850140e-01  -1.045571e+01
   9.860130e-01  -1.052719e+01
   9.870120e-01  -1.060417e+01
   9.880110e-01  -1.068757e+01
   9.890100e-01  -1.077858e+01
   9.900090e-01  -1.087870e+01
   9.910080e-01  -1.098997e+01
   9.920070e-01  -1.111519e+01
   9.930060e-01  -1.125837e+01
   9.940050e-01  -1.142552e+01
   9.950040e-01  -1.162635e+01
   9.960030e-01  -1.187791e+01
   9.970020e-01  -1.221482e+01
   9.980010e-01  -1.272667e+01
   9.990000e-01  -1.383046e+01
