              x log10(|u - v|)
   1.000000e-02  -7.185300e+00
   1.989899e-02  -6.097163e+00
   2.979798e-02  -5.631648e+00
   3.969697e-02  -5.344816e+00
   4.959596e-02  -5.144184e+00
   5.949495e-02  -4.994353e+00
   6.939394e-02  -4.877962e+00
   7.929293e-02  -4.785193e+00
   8.919192e-02  -4.709956e+00
   9.909091e-02  -4.648211e+00
   1.089899e-01  -4.597139e+00
   1.188889e-01  -4.554700e+00
   1.287879e-01  -4.519370e+00
   1.386869e-01  -4.489978e+00
   1.485859e-01  -4.465612e+00
   1.584848e-01  -4.445541e+00
   1.683838e-01  -4.429177e+00
   1.782828e-01  -4.416038e+00
   1.881818e-01  -4.405724e+00
   1.980808e-01  -4.397902e+00
   2.079798e-01  -4.392291e+00
   2.178788e-01  -4.388651e+00
   2.277778e-01  -4.386778e+00
   2.376768e-01  -4.386498e+00
   2.475758e-01  -4.387658e+00
   2.574747e-01  -4.390128e+00
   2.673737e-01  -4.393793e+00
   2.772727e-01  -4.398554e+00
   2.871717e-01  -4.404324e+00
   2.970707e-01  -4.411027e+00
   3.069697e-01  -4.418595e+00
   3.168687e-01  -4.426971e+00
   3.267677e-01  -4.436103e+00
   3.366667e-01  -4.445946e+00
   3.465657e-01  -4.456460e+00
   3.564646e-01  -4.467612e+00
   3.663636e-01  -4.479371e+00
   3.762626e-01  -4.491712e+00
   3.861616e-01  -4.504612e+00
   3.960606e-01  -4.518052e+00
   4.059596e-01  -4.532018e+00
   4.158586e-01  -4.546495e+00
   4.257576e-01  -4.561474e+00
   4.356566e-01  -4.576946e+00
   4.455556e-01  -4.592905e+00
   4.554545e-01  -4.609349e+00
   4.653535e-01  -4.626274e+00
   4.752525e-01  -4.643682e+00
   4.851515e-01  -4.661575e+00
   4.950505e-01  -4.679957e+00
   5.049495e-01  -4.698832e+00
   5.148485e-01  -4.718210e+00
   5.247475e-01  -4.738098e+00
   5.346465e-01  -4.758508e+00
   5.445455e-01  -4.779453e+00
   5.544444e-01  -4.800947e+00
   5.643434e-01  -4.823008e+00
   5.742424e-01  -4.845653e+00
   5.841414e-01  -4.868903e+00
   5.940404e-01  -4.892781e+00
   6.039394e-01  -4.917313e+00
   6.138384e-01  -4.942526e+00
   6.237374e-01  -4.968452e+00
   6.336364e-01  -4.995123e+00
   6.435354e-01  -5.022577e+00
   6.534343e-01  -5.050854e+00
   6.633333e-01  -5.079999e+00
   6.732323e-01  -5.110062e+00
   6.831313e-01  -5.141095e+00
   6.930303e-01  -5.173160e+00
   7.029293e-01  -5.206321e+00
   7.128283e-01  -5.240651e+00
   7.227273e-01  -5.276233e+00
   7.326263e-01  -5.313156e+00
   7.425253e-01  -5.351522e+00
   7.524242e-01  -5.391443e+00
   7.623232e-01  -5.433049e+00
   7.722222e-01  -5.476484e+00
   7.821212e-01  -5.521913e+00
   7.920202e-01  -5.569524e+00
   8.019192e-01  -5.619536e+00
   8.118182e-01  -5.672199e+00
   8.217172e-01  -5.727808e+00
   8.316162e-01  -5.786710e+00
   8.415152e-01  -5.849316e+00
   8.514141e-01  -5.916121e+00
   8.613131e-01  -5.987726e+00
   8.712121e-01  -6.064871e+00
   8.811111e-01  -6.148483e+00
   8.910101e-01  -6.239744e+00
   9.009091e-01  -6.340193e+00
   9.108081e-01  -6.451886e+00
   9.207071e-01  -6.577656e+00
   9.306061e-01  -6.721567e+00
   9.405051e-01  -6.889744e+00
   9.504040e-01  -7.092058e+00
   9.603030e-01  -7.345983e+00
   9.702020e-01  -7.687199e+00
   9.801010e-01  -8.209226e+00
   9.900000e-01  -9.365935e+00
