              x              v
              0    0.009032096
    0.001001001    0.017964192
    0.002002002    0.026797284
    0.003003003    0.035532358
    0.004004004     0.04417039
    0.005005005    0.052712348
    0.006006006    0.061159187
    0.007007007    0.069511855
    0.008008008    0.077771291
    0.009009009    0.085938422
     0.01001001    0.094014169
    0.011011011     0.10199944
    0.012012012     0.10989514
    0.013013013     0.11770216
    0.014014014     0.12542137
    0.015015015     0.13305367
    0.016016016     0.14059991
    0.017017017     0.14806094
    0.018018018     0.15543763
    0.019019019      0.1627308
     0.02002002     0.16994129
    0.021021021     0.17706993
    0.022022022     0.18411752
    0.023023023     0.19108488
    0.024024024     0.19797281
    0.025025025     0.20478209
    0.026026026     0.21151351
    0.027027027     0.21816784
    0.028028028     0.22474586
    0.029029029     0.23124832
     0.03003003     0.23767598
    0.031031031     0.24402957
    0.032032032     0.25030985
    0.033033033     0.25651753
    0.034034034     0.26265334
    0.035035035     0.26871801
    0.036036036     0.27471222
    0.037037037      0.2806367
    0.038038038     0.28649212
    0.039039039     0.29227919
     0.04004004     0.29799858
    0.041041041     0.30365096
    0.042042042     0.30923701
    0.043043043     0.31475737
    0.044044044     0.32021272
    0.045045045     0.32560369
    0.046046046     0.33093092
    0.047047047     0.33619506
    0.048048048     0.34139672
    0.049049049     0.34653654
     0.05005005     0.35161512
    0.051051051     0.35663309
    0.052052052     0.36159103
    0.053053053     0.36648955
    0.054054054     0.37132924
    0.055055055     0.37611069
    0.056056056     0.38083447
    0.057057057     0.38550117
    0.058058058     0.39011135
    0.059059059     0.39466557
     0.06006006     0.39916438
    0.061061061     0.40360835
    0.062062062     0.40799802
    0.063063063     0.41233393
    0.064064064     0.41661661
    0.065065065      0.4208466
    0.066066066     0.42502442
    0.067067067     0.42915058
    0.068068068     0.43322561
    0.069069069     0.43725001
     0.07007007     0.44122429
    0.071071071     0.44514894
    0.072072072     0.44902447
    0.073073073     0.45285135
    0.074074074     0.45663008
    0.075075075     0.46036113
    0.076076076     0.46404499
    0.077077077     0.46768211
    0.078078078     0.47127296
    0.079079079     0.47481801
     0.08008008     0.47831771
    0.081081081     0.48177252
    0.082082082     0.48518287
    0.083083083     0.48854922
    0.084084084       0.491872
    0.085085085     0.49515164
    0.086086086     0.49838858
    0.087087087     0.50158324
    0.088088088     0.50473604
    0.089089089      0.5078474
     0.09009009     0.51091773
    0.091091091     0.51394744
    0.092092092     0.51693694
    0.093093093     0.51988662
    0.094094094     0.52279688
    0.095095095     0.52566811
    0.096096096     0.52850071
    0.097097097     0.53129505
    0.098098098     0.53405152
    0.099099099      0.5367705
      0.1001001     0.53945236
      0.1011011     0.54209747
      0.1021021     0.54470619
      0.1031031     0.54727888
      0.1041041     0.54981592
     0.10510511     0.55231765
     0.10610611     0.55478441
     0.10710711     0.55721657
     0.10810811     0.55961447
     0.10910911     0.56197844
     0.11011011     0.56430883
     0.11111111     0.56660597
     0.11211211     0.56887019
     0.11311311     0.57110181
     0.11411411     0.57330117
     0.11511512     0.57546859
     0.11611612     0.57760438
     0.11711712     0.57970885
     0.11811812     0.58178233
     0.11911912     0.58382511
     0.12012012     0.58583751
     0.12112112     0.58781982
     0.12212212     0.58977235
     0.12312312     0.59169539
     0.12412412     0.59358925
     0.12512513     0.59545419
     0.12612613     0.59729053
     0.12712713     0.59909853
     0.12812813     0.60087848
     0.12912913     0.60263067
     0.13013013     0.60435537
     0.13113113     0.60605285
     0.13213213     0.60772338
     0.13313313     0.60936723
     0.13413413     0.61098467
     0.13513514     0.61257596
     0.13613614     0.61414137
     0.13713714     0.61568114
     0.13813814     0.61719553
     0.13913914     0.61868481
     0.14014014     0.62014921
     0.14114114     0.62158898
     0.14214214     0.62300437
     0.14314314     0.62439563
     0.14414414     0.62576299
     0.14514515     0.62710669
     0.14614615     0.62842697
     0.14714715     0.62972406
     0.14814815     0.63099819
     0.14914915     0.63224959
     0.15015015     0.63347849
     0.15115115     0.63468511
     0.15215215     0.63586967
     0.15315315     0.63703239
     0.15415415     0.63817349
     0.15515516     0.63929319
     0.15615616     0.64039169
     0.15715716     0.64146921
     0.15815816     0.64252597
     0.15915916     0.64356215
     0.16016016     0.64457798
     0.16116116     0.64557365
     0.16216216     0.64654936
     0.16316316     0.64750531
     0.16416416     0.64844171
     0.16516517     0.64935874
     0.16616617     0.65025659
     0.16716717     0.65113546
     0.16816817     0.65199554
     0.16916917     0.65283701
     0.17017017     0.65366007
     0.17117117     0.65446488
     0.17217217     0.65525164
     0.17317317     0.65602052
     0.17417417     0.65677171
     0.17517518     0.65750537
     0.17617618     0.65822169
     0.17717718     0.65892083
     0.17817818     0.65960297
     0.17917918     0.66026828
     0.18018018     0.66091692
     0.18118118     0.66154906
     0.18218218     0.66216486
     0.18318318     0.66276449
     0.18418418     0.66334811
     0.18518519     0.66391587
     0.18618619     0.66446795
     0.18718719     0.66500448
     0.18818819     0.66552563
     0.18918919     0.66603155
     0.19019019     0.66652239
     0.19119119      0.6669983
     0.19219219     0.66745943
     0.19319319     0.66790593
     0.19419419     0.66833795
      0.1951952     0.66875562
      0.1961962     0.66915909
      0.1971972      0.6695485
      0.1981982     0.66992399
      0.1991992     0.67028571
      0.2002002     0.67063378
      0.2012012     0.67096835
      0.2022022     0.67128954
      0.2032032      0.6715975
      0.2042042     0.67189235
     0.20520521     0.67217422
     0.20620621     0.67244324
     0.20720721     0.67269955
     0.20820821     0.67294326
     0.20920921     0.67317451
     0.21021021     0.67339341
     0.21121121      0.6736001
     0.21221221     0.67379468
     0.21321321     0.67397729
     0.21421421     0.67414804
     0.21521522     0.67430705
     0.21621622     0.67445443
     0.21721722     0.67459031
     0.21821822      0.6747148
     0.21921922       0.674828
     0.22022022     0.67493004
     0.22122122     0.67502102
     0.22222222     0.67510106
     0.22322322     0.67517026
     0.22422422     0.67522873
     0.22522523     0.67527658
     0.22622623     0.67531391
     0.22722723     0.67534083
     0.22822823     0.67535745
     0.22922923     0.67536385
     0.23023023     0.67536016
     0.23123123     0.67534646
     0.23223223     0.67532286
     0.23323323     0.67528945
     0.23423423     0.67524634
     0.23523524     0.67519362
     0.23623624     0.67513138
     0.23723724     0.67505972
     0.23823824     0.67497874
     0.23923924     0.67488852
     0.24024024     0.67478917
     0.24124124     0.67468076
     0.24224224     0.67456339
     0.24324324     0.67443716
     0.24424424     0.67430214
     0.24524525     0.67415842
     0.24624625      0.6740061
     0.24724725     0.67384525
     0.24824825     0.67367597
     0.24924925     0.67349833
     0.25025025     0.67331243
     0.25125125     0.67311833
     0.25225225     0.67291613
     0.25325325      0.6727059
     0.25425425     0.67248773
     0.25525526     0.67226169
     0.25625626     0.67202786
     0.25725726     0.67178632
     0.25825826     0.67153715
     0.25925926     0.67128042
     0.26026026     0.67101621
     0.26126126     0.67074459
     0.26226226     0.67046563
     0.26326326     0.67017942
     0.26426426     0.66988601
     0.26526527     0.66958549
     0.26626627     0.66927792
     0.26726727     0.66896337
     0.26826827     0.66864192
     0.26926927     0.66831363
     0.27027027     0.66797857
     0.27127127     0.66763681
     0.27227227     0.66728841
     0.27327327     0.66693345
     0.27427427     0.66657197
     0.27527528     0.66620406
     0.27627628     0.66582978
     0.27727728     0.66544918
     0.27827828     0.66506233
     0.27927928      0.6646693
     0.28028028     0.66427014
     0.28128128     0.66386492
     0.28228228     0.66345369
     0.28328328     0.66303652
     0.28428428     0.66261347
     0.28528529     0.66218459
     0.28628629     0.66174994
     0.28728729     0.66130958
     0.28828829     0.66086357
     0.28928929     0.66041196
     0.29029029     0.65995481
     0.29129129     0.65949217
     0.29229229      0.6590241
     0.29329329     0.65855066
     0.29429429     0.65807189
      0.2952953     0.65758784
      0.2962963     0.65709858
      0.2972973     0.65660416
      0.2982983     0.65610461
      0.2992993     0.65560001
      0.3003003     0.65509039
      0.3013013      0.6545758
      0.3023023     0.65405631
      0.3033033     0.65353194
      0.3043043     0.65300276
     0.30530531     0.65246881
     0.30630631     0.65193014
     0.30730731      0.6513868
     0.30830831     0.65083882
     0.30930931     0.65028627
     0.31031031     0.64972918
     0.31131131      0.6491676
     0.31231231     0.64860157
     0.31331331     0.64803114
     0.31431431     0.64745635
     0.31531532     0.64687725
     0.31631632     0.64629387
     0.31731732     0.64570627
     0.31831832     0.64511448
     0.31931932     0.64451854
     0.32032032      0.6439185
     0.32132132      0.6433144
     0.32232232     0.64270627
     0.32332332     0.64209416
     0.32432432     0.64147811
     0.32532533     0.64085815
     0.32632633     0.64023433
     0.32732733     0.63960669
     0.32832833     0.63897525
     0.32932933     0.63834007
     0.33033033     0.63770117
     0.33133133     0.63705859
     0.33233233     0.63641238
     0.33333333     0.63576256
     0.33433433     0.63510918
     0.33533534     0.63445226
     0.33633634     0.63379185
     0.33733734     0.63312797
     0.33833834     0.63246067
     0.33933934     0.63178997
     0.34034034     0.63111592
     0.34134134     0.63043854
     0.34234234     0.62975786
     0.34334334     0.62907393
     0.34434434     0.62838676
     0.34534535     0.62769641
     0.34634635     0.62700289
     0.34734735     0.62630623
     0.34834835     0.62560648
     0.34934935     0.62490365
     0.35035035     0.62419779
     0.35135135     0.62348892
     0.35235235     0.62277707
     0.35335335     0.62206227
     0.35435435     0.62134454
     0.35535536     0.62062393
     0.35635636     0.61990046
     0.35735736     0.61917415
     0.35835836     0.61844503
     0.35935936     0.61771314
     0.36036036      0.6169785
     0.36136136     0.61624114
     0.36236236     0.61550108
     0.36336336     0.61475835
     0.36436436     0.61401298
     0.36536537     0.61326499
     0.36636637     0.61251441
     0.36736737     0.61176128
     0.36836837      0.6110056
     0.36936937     0.61024741
     0.37037037     0.60948673
     0.37137137     0.60872359
     0.37237237     0.60795801
     0.37337337     0.60719001
     0.37437437     0.60641962
     0.37537538     0.60564687
     0.37637638     0.60487178
     0.37737738     0.60409436
     0.37837838     0.60331465
     0.37937938     0.60253267
     0.38038038     0.60174843
     0.38138138     0.60096197
     0.38238238      0.6001733
     0.38338338     0.59938244
     0.38438438     0.59858942
     0.38538539     0.59779426
     0.38638639     0.59699699
     0.38738739     0.59619761
     0.38838839     0.59539615
     0.38938939     0.59459264
     0.39039039     0.59378709
     0.39139139     0.59297953
     0.39239239     0.59216997
     0.39339339     0.59135843
     0.39439439     0.59054493
      0.3953954      0.5897295
      0.3963964     0.58891215
      0.3973974      0.5880929
      0.3983984     0.58727178
      0.3993994     0.58644879
      0.4004004     0.58562396
      0.4014014      0.5847973
      0.4024024     0.58396884
      0.4034034     0.58313859
      0.4044044     0.58230657
     0.40540541     0.58147279
     0.40640641     0.58063729
     0.40740741     0.57980006
     0.40840841     0.57896113
     0.40940941     0.57812052
     0.41041041     0.57727824
     0.41141141     0.57643432
     0.41241241     0.57558875
     0.41341341     0.57474157
     0.41441441     0.57389279
     0.41541542     0.57304242
     0.41641642     0.57219049
     0.41741742       0.571337
     0.41841842     0.57048196
     0.41941942     0.56962541
     0.42042042     0.56876735
     0.42142142     0.56790779
     0.42242242     0.56704676
     0.42342342     0.56618426
     0.42442442     0.56532031
     0.42542543     0.56445493
     0.42642643     0.56358813
     0.42742743     0.56271992
     0.42842843     0.56185032
     0.42942943     0.56097935
     0.43043043       0.560107
     0.43143143     0.55923331
     0.43243243     0.55835828
     0.43343343     0.55748192
     0.43443443     0.55660425
     0.43543544     0.55572529
     0.43643644     0.55484504
     0.43743744     0.55396352
     0.43843844     0.55308073
     0.43943944     0.55219671
     0.44044044     0.55131144
     0.44144144     0.55042496
     0.44244244     0.54953726
     0.44344344     0.54864837
     0.44444444     0.54775828
     0.44544545     0.54686703
     0.44644645     0.54597461
     0.44744745     0.54508104
     0.44844845     0.54418634
     0.44944945      0.5432905
     0.45045045     0.54239355
     0.45145145     0.54149549
     0.45245245     0.54059633
     0.45345345     0.53969609
     0.45445445     0.53879478
     0.45545546     0.53789241
     0.45645646     0.53698898
     0.45745746     0.53608452
     0.45845846     0.53517902
     0.45945946      0.5342725
     0.46046046     0.53336497
     0.46146146     0.53245644
     0.46246246     0.53154692
     0.46346346     0.53063641
     0.46446446     0.52972494
     0.46546547     0.52881251
     0.46646647     0.52789912
     0.46746747     0.52698479
     0.46846847     0.52606953
     0.46946947     0.52515335
     0.47047047     0.52423625
     0.47147147     0.52331825
     0.47247247     0.52239935
     0.47347347     0.52147956
     0.47447447     0.52055889
     0.47547548     0.51963736
     0.47647648     0.51871496
     0.47747748     0.51779171
     0.47847848     0.51686762
     0.47947948     0.51594269
     0.48048048     0.51501693
     0.48148148     0.51409036
     0.48248248     0.51316297
     0.48348348     0.51223478
     0.48448448      0.5113058
     0.48548549     0.51037603
     0.48648649     0.50944548
     0.48748749     0.50851416
     0.48848849     0.50758207
     0.48948949     0.50664923
     0.49049049     0.50571564
     0.49149149     0.50478131
     0.49249249     0.50384625
     0.49349349     0.50291046
     0.49449449     0.50197395
      0.4954955     0.50103673
      0.4964965     0.50009881
      0.4974975     0.49916018
      0.4984985     0.49822087
      0.4994995     0.49728087
      0.5005005     0.49634019
      0.5015015     0.49539885
      0.5025025     0.49445684
      0.5035035     0.49351417
      0.5045045     0.49257085
     0.50550551     0.49162689
     0.50650651     0.49068229
     0.50750751     0.48973706
     0.50850851     0.48879121
     0.50950951     0.48784473
     0.51051051     0.48689764
     0.51151151     0.48594995
     0.51251251     0.48500166
     0.51351351     0.48405277
     0.51451451     0.48310329
     0.51551552     0.48215323
     0.51651652     0.48120259
     0.51751752     0.48025138
     0.51851852     0.47929961
     0.51951952     0.47834727
     0.52052052     0.47739439
     0.52152152     0.47644095
     0.52252252     0.47548697
     0.52352352     0.47453245
     0.52452452      0.4735774
     0.52552553     0.47262182
     0.52652653     0.47166572
     0.52752753      0.4707091
     0.52852853     0.46975198
     0.52952953     0.46879434
     0.53053053      0.4678362
     0.53153153     0.46687757
     0.53253253     0.46591845
     0.53353353     0.46495884
     0.53453453     0.46399874
     0.53553554     0.46303817
     0.53653654     0.46207713
     0.53753754     0.46111562
     0.53853854     0.46015365
     0.53953954     0.45919122
     0.54054054     0.45822833
     0.54154154       0.457265
     0.54254254     0.45630122
     0.54354354       0.455337
     0.54454454     0.45437234
     0.54554555     0.45340726
     0.54654655     0.45244174
     0.54754755      0.4514758
     0.54854855     0.45050945
     0.54954955     0.44954268
     0.55055055      0.4485755
     0.55155155     0.44760791
     0.55255255     0.44663992
     0.55355355     0.44567153
     0.55455455     0.44470275
     0.55555556     0.44373357
     0.55655656     0.44276401
     0.55755756     0.44179407
     0.55855856     0.44082375
     0.55955956     0.43985305
     0.56056056     0.43888199
     0.56156156     0.43791055
     0.56256256     0.43693875
     0.56356356     0.43596659
     0.56456456     0.43499407
     0.56556557      0.4340212
     0.56656657     0.43304798
     0.56756757     0.43207441
     0.56856857     0.43110051
     0.56956957     0.43012626
     0.57057057     0.42915167
     0.57157157     0.42817675
     0.57257257     0.42720151
     0.57357357     0.42622593
     0.57457457     0.42525004
     0.57557558     0.42427382
     0.57657658     0.42329729
     0.57757758     0.42232045
     0.57857858     0.42134329
     0.57957958     0.42036583
     0.58058058     0.41938806
     0.58158158     0.41840999
     0.58258258     0.41743163
     0.58358358     0.41645297
     0.58458458     0.41547402
     0.58558559     0.41449477
     0.58658659     0.41351525
     0.58758759     0.41253543
     0.58858859     0.41155534
     0.58958959     0.41057497
     0.59059059     0.40959433
     0.59159159     0.40861341
     0.59259259     0.40763222
     0.59359359     0.40665077
     0.59459459     0.40566905
      0.5955956     0.40468707
      0.5965966     0.40370483
      0.5975976     0.40272234
      0.5985986     0.40173959
      0.5995996     0.40075659
      0.6006006     0.39977334
      0.6016016     0.39878984
      0.6026026      0.3978061
      0.6036036     0.39682212
      0.6046046      0.3958379
     0.60560561     0.39485344
     0.60660661     0.39386875
     0.60760761     0.39288383
     0.60860861     0.39189867
     0.60960961     0.39091329
     0.61061061     0.38992769
     0.61161161     0.38894186
     0.61261261     0.38795581
     0.61361361     0.38696954
     0.61461461     0.38598305
     0.61561562     0.38499636
     0.61661662     0.38400945
     0.61761762     0.38302232
     0.61861862       0.382035
     0.61961962     0.38104746
     0.62062062     0.38005972
     0.62162162     0.37907178
     0.62262262     0.37808365
     0.62362362     0.37709531
     0.62462462     0.37610678
     0.62562563     0.37511805
     0.62662663     0.37412913
     0.62762763     0.37314002
     0.62862863     0.37215073
     0.62962963     0.37116124
     0.63063063     0.37017158
     0.63163163     0.36918173
     0.63263263      0.3681917
     0.63363363     0.36720149
     0.63463463      0.3662111
     0.63563564     0.36522054
     0.63663664     0.36422981
     0.63763764      0.3632389
     0.63863864     0.36224783
     0.63963964     0.36125658
     0.64064064     0.36026517
     0.64164164     0.35927359
     0.64264264     0.35828185
     0.64364364     0.35728995
     0.64464464     0.35629789
     0.64564565     0.35530567
     0.64664665     0.35431329
     0.64764765     0.35332075
     0.64864865     0.35232807
     0.64964965     0.35133523
     0.65065065     0.35034224
     0.65165165      0.3493491
     0.65265265     0.34835581
     0.65365365     0.34736237
     0.65465465      0.3463688
     0.65565566     0.34537507
     0.65665666     0.34438121
     0.65765766      0.3433872
     0.65865866     0.34239306
     0.65965966     0.34139877
     0.66066066     0.34040436
     0.66166166      0.3394098
     0.66266266     0.33841511
     0.66366366     0.33742029
     0.66466466     0.33642534
     0.66566567     0.33543026
     0.66666667     0.33443505
     0.66766767     0.33343971
     0.66866867     0.33244425
     0.66966967     0.33144866
     0.67067067     0.33045295
     0.67167167     0.32945711
     0.67267267     0.32846116
     0.67367367     0.32746509
     0.67467467     0.32646889
     0.67567568     0.32547258
     0.67667668     0.32447615
     0.67767768     0.32347961
     0.67867868     0.32248296
     0.67967968     0.32148619
     0.68068068     0.32048931
     0.68168168     0.31949231
     0.68268268     0.31849521
     0.68368368       0.317498
     0.68468468     0.31650069
     0.68568569     0.31550326
     0.68668669     0.31450573
     0.68768769      0.3135081
     0.68868869     0.31251037
     0.68968969     0.31151253
     0.69069069     0.31051459
     0.69169169     0.30951655
     0.69269269     0.30851841
     0.69369369     0.30752018
     0.69469469     0.30652184
      0.6956957     0.30552341
      0.6966967     0.30452489
      0.6976977     0.30352627
      0.6986987     0.30252756
      0.6996997     0.30152875
      0.7007007     0.30052986
      0.7017017     0.29953087
      0.7027027      0.2985318
      0.7037037     0.29753263
      0.7047047     0.29653338
     0.70570571     0.29553404
     0.70670671     0.29453461
     0.70770771      0.2935351
     0.70870871     0.29253551
     0.70970971     0.29153583
     0.71071071     0.29053606
     0.71171171     0.28953622
     0.71271271     0.28853629
     0.71371371     0.28753629
     0.71471471      0.2865362
     0.71571572     0.28553604
     0.71671672      0.2845358
     0.71771772     0.28353548
     0.71871872     0.28253509
     0.71971972     0.28153462
     0.72072072     0.28053407
     0.72172172     0.27953345
     0.72272272     0.27853276
     0.72372372     0.27753199
     0.72472472     0.27653115
     0.72572573     0.27553025
     0.72672673     0.27452927
     0.72772773     0.27352822
     0.72872873      0.2725271
     0.72972973     0.27152591
     0.73073073     0.27052466
     0.73173173     0.26952334
     0.73273273     0.26852195
     0.73373373      0.2675205
     0.73473473     0.26651898
     0.73573574     0.26551739
     0.73673674     0.26451575
     0.73773774     0.26351404
     0.73873874     0.26251226
     0.73973974     0.26151043
     0.74074074     0.26050853
     0.74174174     0.25950658
     0.74274274     0.25850456
     0.74374374     0.25750249
     0.74474474     0.25650035
     0.74574575     0.25549816
     0.74674675     0.25449591
     0.74774775      0.2534936
     0.74874875     0.25249123
     0.74974975     0.25148881
     0.75075075     0.25048634
     0.75175175     0.24948381
     0.75275275     0.24848122
     0.75375375     0.24747858
     0.75475475     0.24647589
     0.75575576     0.24547315
     0.75675676     0.24447035
     0.75775776      0.2434675
     0.75875876      0.2424646
     0.75975976     0.24146165
     0.76076076     0.24045865
     0.76176176      0.2394556
     0.76276276      0.2384525
     0.76376376     0.23744935
     0.76476476     0.23644615
     0.76576577     0.23544291
     0.76676677     0.23443962
     0.76776777     0.23343628
     0.76876877     0.23243289
     0.76976977     0.23142946
     0.77077077     0.23042599
     0.77177177     0.22942247
     0.77277277      0.2284189
     0.77377377     0.22741529
     0.77477477     0.22641164
     0.77577578     0.22540794
     0.77677678      0.2244042
     0.77777778     0.22340042
     0.77877878      0.2223966
     0.77977978     0.22139273
     0.78078078     0.22038883
     0.78178178     0.21938488
     0.78278278      0.2183809
     0.78378378     0.21737687
     0.78478478      0.2163728
     0.78578579      0.2153687
     0.78678679     0.21436455
     0.78778779     0.21336037
     0.78878879     0.21235615
     0.78978979      0.2113519
     0.79079079      0.2103476
     0.79179179     0.20934327
     0.79279279      0.2083389
     0.79379379      0.2073345
     0.79479479     0.20633006
      0.7957958     0.20532558
      0.7967968     0.20432107
      0.7977978     0.20331653
      0.7987988     0.20231195
      0.7997998     0.20130734
      0.8008008     0.20030269
      0.8018018     0.19929801
      0.8028028      0.1982933
      0.8038038     0.19728856
      0.8048048     0.19628378
     0.80580581     0.19527897
     0.80680681     0.19427413
     0.80780781     0.19326926
     0.80880881     0.19226435
     0.80980981     0.19125942
     0.81081081     0.19025445
     0.81181181     0.18924946
     0.81281281     0.18824443
     0.81381381     0.18723938
     0.81481481      0.1862343
     0.81581582     0.18522919
     0.81681682     0.18422404
     0.81781782     0.18321888
     0.81881882     0.18221368
     0.81981982     0.18120845
     0.82082082      0.1802032
     0.82182182     0.17919792
     0.82282282     0.17819261
     0.82382382     0.17718728
     0.82482482     0.17618192
     0.82582583     0.17517654
     0.82682683     0.17417112
     0.82782783     0.17316569
     0.82882883     0.17216022
     0.82982983     0.17115474
     0.83083083     0.17014922
     0.83183183     0.16914368
     0.83283283     0.16813812
     0.83383383     0.16713254
     0.83483483     0.16612693
     0.83583584     0.16512129
     0.83683684     0.16411564
     0.83783784     0.16310996
     0.83883884     0.16210425
     0.83983984     0.16109853
     0.84084084     0.16009278
     0.84184184     0.15908701
     0.84284284     0.15808121
     0.84384384      0.1570754
     0.84484484     0.15606956
     0.84584585      0.1550637
     0.84684685     0.15405782
     0.84784785     0.15305192
     0.84884885       0.152046
     0.84984985     0.15104006
     0.85085085      0.1500341
     0.85185185     0.14902812
     0.85285285     0.14802212
     0.85385385     0.14701609
     0.85485485     0.14601005
     0.85585586     0.14500399
     0.85685686     0.14399791
     0.85785786     0.14299181
     0.85885886      0.1419857
     0.85985986     0.14097956
     0.86086086      0.1399734
     0.86186186     0.13896723
     0.86286286     0.13796104
     0.86386386     0.13695483
     0.86486486      0.1359486
     0.86586587     0.13494236
     0.86686687      0.1339361
     0.86786787     0.13292982
     0.86886887     0.13192352
     0.86986987     0.13091721
     0.87087087     0.12991088
     0.87187187     0.12890453
     0.87287287     0.12789817
     0.87387387     0.12689179
     0.87487487      0.1258854
     0.87587588     0.12487899
     0.87687688     0.12387256
     0.87787788     0.12286612
     0.87887888     0.12185966
     0.87987988     0.12085319
     0.88088088     0.11984671
     0.88188188      0.1188402
     0.88288288     0.11783369
     0.88388388     0.11682715
     0.88488488     0.11582061
     0.88588589     0.11481405
     0.88688689     0.11380747
     0.88788789     0.11280088
     0.88888889     0.11179428
     0.88988989     0.11078766
     0.89089089     0.10978103
     0.89189189     0.10877439
     0.89289289     0.10776773
     0.89389389     0.10676106
     0.89489489     0.10575438
      0.8958959     0.10474768
      0.8968969     0.10374097
      0.8978979     0.10273425
      0.8988989     0.10172752
      0.8998999     0.10072077
      0.9009009     0.09971401
      0.9019019    0.098707238
      0.9029029    0.097700454
      0.9039039    0.096693659
      0.9049049    0.095686851
     0.90590591    0.094680031
     0.90690691      0.0936732
     0.90790791    0.092666358
     0.90890891    0.091659504
     0.90990991    0.090652638
     0.91091091    0.089645762
     0.91191191    0.088638874
     0.91291291    0.087631976
     0.91391391    0.086625067
     0.91491491    0.085618147
     0.91591592    0.084611216
     0.91691692    0.083604275
     0.91791792    0.082597323
     0.91891892    0.081590361
     0.91991992    0.080583389
     0.92092092    0.079576407
     0.92192192    0.078569414
     0.92292292    0.077562412
     0.92392392      0.0765554
     0.92492492    0.075548378
     0.92592593    0.074541347
     0.92692693    0.073534306
     0.92792793    0.072527256
     0.92892893    0.071520196
     0.92992993    0.070513127
     0.93093093    0.069506049
     0.93193193    0.068498962
     0.93293293    0.067491866
     0.93393393    0.066484761
     0.93493493    0.065477647
     0.93593594    0.064470525
     0.93693694    0.063463394
     0.93793794    0.062456254
     0.93893894    0.061449106
     0.93993994     0.06044195
     0.94094094    0.059434785
     0.94194194    0.058427612
     0.94294294    0.057420431
     0.94394394    0.056413242
     0.94494494    0.055406045
     0.94594595    0.054398841
     0.94694695    0.053391628
     0.94794795    0.052384408
     0.94894895     0.05137718
     0.94994995    0.050369944
     0.95095095    0.049362701
     0.95195195    0.048355451
     0.95295295    0.047348193
     0.95395395    0.046340928
     0.95495495    0.045333655
     0.95595596    0.044326376
     0.95695696     0.04331909
     0.95795796    0.042311796
     0.95895896    0.041304496
     0.95995996    0.040297189
     0.96096096    0.039289875
     0.96196196    0.038282554
     0.96296296    0.037275227
     0.96396396    0.036267893
     0.96496496    0.035260553
     0.96596597    0.034253206
     0.96696697    0.033245853
     0.96796797    0.032238493
     0.96896897    0.031231127
     0.96996997    0.030223755
     0.97097097    0.029216377
     0.97197197    0.028208993
     0.97297297    0.027201603
     0.97397397    0.026194207
     0.97497497    0.025186805
     0.97597598    0.024179397
     0.97697698    0.023171983
     0.97797798    0.022164564
     0.97897898    0.021157139
     0.97997998    0.020149708
     0.98098098    0.019142272
     0.98198198    0.018134831
     0.98298298    0.017127384
     0.98398398    0.016119931
     0.98498498    0.015112473
     0.98598599     0.01410501
     0.98698699    0.013097542
     0.98798799    0.012090069
     0.98898899     0.01108259
     0.98998999    0.010075106
     0.99099099   0.0090676178
     0.99199199   0.0080601242
     0.99299299   0.0070526257
     0.99399399   0.0060451223
     0.99499499    0.005037614
       0.995996   0.0040301011
       0.996997   0.0030225833
       0.997998   0.0020150609
       0.998999   0.0010075339
              1  2.2699965e-09
