              xlog10(|(u - v)/u|)
   1.000000e-02  -4.864881e+00
   1.989899e-02  -4.361880e+00
   2.979798e-02  -4.240926e+00
   3.969697e-02  -4.188111e+00
   4.959596e-02  -4.159908e+00
   5.949495e-02  -4.143458e+00
   6.939394e-02  -4.133598e+00
   7.929293e-02  -4.127850e+00
   8.919192e-02  -4.124882e+00
   9.909091e-02  -4.123911e+00
   1.089899e-01  -4.124455e+00
   1.188889e-01  -4.126196e+00
   1.287879e-01  -4.128922e+00
   1.386869e-01  -4.132486e+00
   1.485859e-01  -4.136784e+00
   1.584848e-01  -4.141742e+00
   1.683838e-01  -4.147309e+00
   1.782828e-01  -4.153447e+00
   1.881818e-01  -4.160132e+00
   1.980808e-01  -4.167347e+00
   2.079798e-01  -4.175084e+00
   2.178788e-01  -4.183340e+00
   2.277778e-01  -4.192118e+00
   2.376768e-01  -4.201424e+00
   2.475758e-01  -4.211269e+00
   2.574747e-01  -4.221669e+00
   2.673737e-01  -4.232640e+00
   2.772727e-01  -4.244205e+00
   2.871717e-01  -4.256390e+00
   2.970707e-01  -4.269223e+00
   3.069697e-01  -4.282738e+00
   3.168687e-01  -4.296973e+00
   3.267677e-01  -4.311970e+00
   3.366667e-01  -4.327776e+00
   3.465657e-01  -4.344445e+00
   3.564646e-01  -4.362036e+00
   3.663636e-01  -4.380616e+00
   3.762626e-01  -4.400260e+00
   3.861616e-01  -4.421054e+00
   3.960606e-01  -4.443093e+00
   4.059596e-01  -4.466484e+00
   4.158586e-01  -4.491352e+00
   4.257576e-01  -4.517837e+00
   4.356566e-01  -4.546100e+00
   4.455556e-01  -4.576328e+00
   4.554545e-01  -4.608737e+00
   4.653535e-01  -4.643580e+00
   4.752525e-01  -4.681153e+00
   4.851515e-01  -4.721809e+00
   4.950505e-01  -4.765971e+00
   5.049495e-01  -4.814151e+00
   5.148485e-01  -4.866976e+00
   5.247475e-01  -4.925225e+00
   5.346465e-01  -4.989885e+00
   5.445455e-01  -5.062221e+00
   5.544444e-01  -5.143905e+00
   5.643434e-01  -5.237194e+00
   5.742424e-01  -5.345245e+00
   5.841414e-01  -5.472667e+00
   5.940404e-01  -5.626555e+00
   6.039394e-01  -5.818681e+00
   6.138384e-01  -6.070771e+00
   6.237374e-01  -6.430267e+00
   6.336364e-01  -7.039486e+00
   6.435354e-01  -9.211195e+00
   6.534343e-01  -7.234216e+00
   6.633333e-01  -6.443074e+00
   6.732323e-01  -5.985648e+00
   6.831313e-01  -5.656234e+00
   6.930303e-01  -5.394760e+00
   7.029293e-01  -5.175236e+00
   7.128283e-01  -4.984006e+00
   7.227273e-01  -4.812976e+00
   7.326263e-01  -4.656932e+00
   7.425253e-01  -4.512299e+00
   7.524242e-01  -4.376500e+00
   7.623232e-01  -4.247598e+00
   7.722222e-01  -4.124081e+00
   7.821212e-01  -4.004730e+00
   7.920202e-01  -3.888524e+00
   8.019192e-01  -3.774585e+00
   8.118182e-01  -3.662126e+00
   8.217172e-01  -3.550418e+00
   8.316162e-01  -3.438760e+00
   8.415152e-01  -3.326455e+00
   8.514141e-01  -3.212780e+00
   8.613131e-01  -3.096957e+00
   8.712121e-01  -2.978121e+00
   8.811111e-01  -2.855277e+00
   8.910101e-01  -2.727234e+00
   9.009091e-01  -2.592529e+00
   9.108081e-01  -2.449291e+00
   9.207071e-01  -2.295047e+00
   9.306061e-01  -2.126385e+00
   9.405051e-01  -1.938367e+00
   9.504040e-01  -1.723399e+00
   9.603030e-01  -1.468829e+00
   9.702020e-01  -1.151047e+00
   9.801010e-01  -7.172554e-01
   9.900000e-01  -2.510078e-05
