              xlog10(|(u - v)/u|)
   1.000000e-03  -7.038761e+00
   1.998999e-03  -6.587286e+00
   2.997998e-03  -6.473173e+00
   3.996997e-03  -6.420838e+00
   4.995996e-03  -6.390853e+00
   5.994995e-03  -6.371475e+00
   6.993994e-03  -6.357966e+00
   7.992993e-03  -6.348046e+00
   8.991992e-03  -6.340480e+00
   9.990991e-03  -6.334543e+00
   1.098999e-02  -6.329780e+00
   1.198899e-02  -6.325890e+00
   1.298799e-02  -6.322668e+00
   1.398699e-02  -6.319969e+00
   1.498599e-02  -6.317686e+00
   1.598498e-02  -6.315740e+00
   1.698398e-02  -6.314072e+00
   1.798298e-02  -6.312633e+00
   1.898198e-02  -6.311389e+00
   1.998098e-02  -6.310309e+00
   2.097998e-02  -6.309370e+00
   2.197898e-02  -6.308553e+00
   2.297798e-02  -6.307842e+00
   2.397698e-02  -6.307224e+00
   2.497598e-02  -6.306687e+00
   2.597497e-02  -6.306223e+00
   2.697397e-02  -6.305824e+00
   2.797297e-02  -6.305482e+00
   2.897197e-02  -6.305192e+00
   2.997097e-02  -6.304949e+00
   3.096997e-02  -6.304748e+00
   3.196897e-02  -6.304586e+00
   3.296797e-02  -6.304459e+00
   3.396697e-02  -6.304364e+00
   3.496597e-02  -6.304299e+00
   3.596496e-02  -6.304261e+00
   3.696396e-02  -6.304248e+00
   3.796296e-02  -6.304259e+00
   3.896196e-02  -6.304291e+00
   3.996096e-02  -6.304344e+00
   4.095996e-02  -6.304415e+00
   4.195896e-02  -6.304504e+00
   4.295796e-02  -6.304610e+00
   4.395696e-02  -6.304731e+00
   4.495596e-02  -6.304867e+00
   4.595495e-02  -6.305016e+00
   4.695395e-02  -6.305179e+00
   4.795295e-02  -6.305354e+00
   4.895195e-02  -6.305540e+00
   4.995095e-02  -6.305738e+00
   5.094995e-02  -6.305946e+00
   5.194895e-02  -6.306165e+00
   5.294795e-02  -6.306393e+00
   5.394695e-02  -6.306630e+00
   5.494595e-02  -6.306876e+00
   5.594494e-02  -6.307130e+00
   5.694394e-02  -6.307393e+00
   5.794294e-02  -6.307663e+00
   5.894194e-02  -6.307941e+00
   5.994094e-02  -6.308226e+00
   6.093994e-02  -6.308517e+00
   6.193894e-02  -6.308816e+00
   6.293794e-02  -6.309121e+00
   6.393694e-02  -6.309433e+00
   6.493594e-02  -6.309750e+00
   6.593493e-02  -6.310074e+00
   6.693393e-02  -6.310403e+00
   6.793293e-02  -6.310738e+00
   6.893193e-02  -6.311078e+00
   6.993093e-02  -6.311424e+00
   7.092993e-02  -6.311774e+00
   7.192893e-02  -6.312130e+00
   7.292793e-02  -6.312491e+00
   7.392693e-02  -6.312857e+00
   7.492593e-02  -6.313227e+00
   7.592492e-02  -6.313602e+00
   7.692392e-02  -6.313981e+00
   7.792292e-02  -6.314365e+00
   7.892192e-02  -6.314754e+00
   7.992092e-02  -6.315146e+00
   8.091992e-02  -6.315543e+00
   8.191892e-02  -6.315944e+00
   8.291792e-02  -6.316349e+00
   8.391692e-02  -6.316758e+00
   8.491592e-02  -6.317171e+00
   8.591491e-02  -6.317587e+00
   8.691391e-02  -6.318008e+00
   8.791291e-02  -6.318433e+00
   8.891191e-02  -6.318861e+00
   8.991091e-02  -6.319293e+00
   9.090991e-02  -6.319728e+00
   9.190891e-02  -6.320168e+00
   9.290791e-02  -6.320610e+00
   9.390691e-02  -6.321057e+00
   9.490591e-02  -6.321507e+00
   9.590490e-02  -6.321960e+00
   9.690390e-02  -6.322417e+00
   9.790290e-02  -6.322877e+00
   9.890190e-02  -6.323340e+00
   9.990090e-02  -6.323807e+00
   1.008999e-01  -6.324278e+00
   1.018989e-01  -6.324751e+00
   1.028979e-01  -6.325228e+00
   1.038969e-01  -6.325708e+00
   1.048959e-01  -6.326192e+00
   1.058949e-01  -6.326679e+00
   1.068939e-01  -6.327168e+00
   1.078929e-01  -6.327662e+00
   1.088919e-01  -6.328158e+00
   1.098909e-01  -6.328657e+00
   1.108899e-01  -6.329160e+00
   1.118889e-01  -6.329666e+00
   1.128879e-01  -6.330175e+00
   1.138869e-01  -6.330687e+00
   1.148859e-01  -6.331202e+00
   1.158849e-01  -6.331720e+00
   1.168839e-01  -6.332242e+00
   1.178829e-01  -6.332766e+00
   1.188819e-01  -6.333294e+00
   1.198809e-01  -6.333824e+00
   1.208799e-01  -6.334358e+00
   1.218789e-01  -6.334895e+00
   1.228779e-01  -6.335434e+00
   1.238769e-01  -6.335977e+00
   1.248759e-01  -6.336523e+00
   1.258749e-01  -6.337072e+00
   1.268739e-01  -6.337624e+00
   1.278729e-01  -6.338179e+00
   1.288719e-01  -6.338737e+00
   1.298709e-01  -6.339298e+00
   1.308699e-01  -6.339862e+00
   1.318689e-01  -6.340430e+00
   1.328679e-01  -6.341000e+00
   1.338669e-01  -6.341573e+00
   1.348659e-01  -6.342149e+00
   1.358649e-01  -6.342728e+00
   1.368639e-01  -6.343311e+00
   1.378629e-01  -6.343896e+00
   1.388619e-01  -6.344484e+00
   1.398609e-01  -6.345076e+00
   1.408599e-01  -6.345670e+00
   1.418589e-01  -6.346268e+00
   1.428579e-01  -6.346868e+00
   1.438569e-01  -6.347472e+00
   1.448559e-01  -6.348079e+00
   1.458549e-01  -6.348688e+00
   1.468539e-01  -6.349301e+00
   1.478529e-01  -6.349917e+00
   1.488519e-01  -6.350536e+00
   1.498509e-01  -6.351158e+00
   1.508498e-01  -6.351783e+00
   1.518488e-01  -6.352411e+00
   1.528478e-01  -6.353042e+00
   1.538468e-01  -6.353676e+00
   1.548458e-01  -6.354313e+00
   1.558448e-01  -6.354954e+00
   1.568438e-01  -6.355597e+00
   1.578428e-01  -6.356244e+00
   1.588418e-01  -6.356894e+00
   1.598408e-01  -6.357547e+00
   1.608398e-01  -6.358203e+00
   1.618388e-01  -6.358862e+00
   1.628378e-01  -6.359524e+00
   1.638368e-01  -6.360190e+00
   1.648358e-01  -6.360858e+00
   1.658348e-01  -6.361530e+00
   1.668338e-01  -6.362205e+00
   1.678328e-01  -6.362883e+00
   1.688318e-01  -6.363565e+00
   1.698308e-01  -6.364249e+00
   1.708298e-01  -6.364937e+00
   1.718288e-01  -6.365628e+00
   1.728278e-01  -6.366322e+00
   1.738268e-01  -6.367020e+00
   1.748258e-01  -6.367721e+00
   1.758248e-01  -6.368425e+00
   1.768238e-01  -6.369132e+00
   1.778228e-01  -6.369843e+00
   1.788218e-01  -6.370556e+00
   1.798208e-01  -6.371274e+00
   1.808198e-01  -6.371994e+00
   1.818188e-01  -6.372718e+00
   1.828178e-01  -6.373445e+00
   1.838168e-01  -6.374175e+00
   1.848158e-01  -6.374909e+00
   1.858148e-01  -6.375646e+00
   1.868138e-01  -6.376387e+00
   1.878128e-01  -6.377131e+00
   1.888118e-01  -6.377878e+00
   1.898108e-01  -6.378629e+00
   1.908098e-01  -6.379383e+00
   1.918088e-01  -6.380141e+00
   1.928078e-01  -6.380902e+00
   1.938068e-01  -6.381666e+00
   1.948058e-01  -6.382434e+00
   1.958048e-01  -6.383206e+00
   1.968038e-01  -6.383981e+00
   1.978028e-01  -6.384759e+00
   1.988018e-01  -6.385541e+00
   1.998008e-01  -6.386327e+00
   2.007998e-01  -6.387116e+00
   2.017988e-01  -6.387908e+00
   2.027978e-01  -6.388705e+00
   2.037968e-01  -6.389504e+00
   2.047958e-01  -6.390308e+00
   2.057948e-01  -6.391115e+00
   2.067938e-01  -6.391926e+00
   2.077928e-01  -6.392740e+00
   2.087918e-01  -6.393558e+00
   2.097908e-01  -6.394380e+00
   2.107898e-01  -6.395205e+00
   2.117888e-01  -6.396034e+00
   2.127878e-01  -6.396867e+00
   2.137868e-01  -6.397704e+00
   2.147858e-01  -6.398544e+00
   2.157848e-01  -6.399388e+00
   2.167838e-01  -6.400236e+00
   2.177828e-01  -6.401088e+00
   2.187818e-01  -6.401943e+00
   2.197808e-01  -6.402802e+00
   2.207798e-01  -6.403666e+00
   2.217788e-01  -6.404533e+00
   2.227778e-01  -6.405404e+00
   2.237768e-01  -6.406279e+00
   2.247758e-01  -6.407157e+00
   2.257748e-01  -6.408040e+00
   2.267738e-01  -6.408927e+00
   2.277728e-01  -6.409817e+00
   2.287718e-01  -6.410712e+00
   2.297708e-01  -6.411611e+00
   2.307698e-01  -6.412513e+00
   2.317688e-01  -6.413420e+00
   2.327678e-01  -6.414331e+00
   2.337668e-01  -6.415246e+00
   2.347658e-01  -6.416165e+00
   2.357648e-01  -6.417088e+00
   2.367638e-01  -6.418015e+00
   2.377628e-01  -6.418947e+00
   2.387618e-01  -6.419882e+00
   2.397608e-01  -6.420822e+00
   2.407598e-01  -6.421766e+00
   2.417588e-01  -6.422714e+00
   2.427578e-01  -6.423667e+00
   2.437568e-01  -6.424623e+00
   2.447558e-01  -6.425585e+00
   2.457548e-01  -6.426550e+00
   2.467538e-01  -6.427520e+00
   2.477528e-01  -6.428494e+00
   2.487518e-01  -6.429472e+00
   2.497508e-01  -6.430455e+00
   2.507497e-01  -6.431443e+00
   2.517487e-01  -6.432434e+00
   2.527477e-01  -6.433431e+00
   2.537467e-01  -6.434431e+00
   2.547457e-01  -6.435437e+00
   2.557447e-01  -6.436446e+00
   2.567437e-01  -6.437461e+00
   2.577427e-01  -6.438480e+00
   2.587417e-01  -6.439503e+00
   2.597407e-01  -6.440532e+00
   2.607397e-01  -6.441564e+00
   2.617387e-01  -6.442602e+00
   2.627377e-01  -6.443644e+00
   2.637367e-01  -6.444691e+00
   2.647357e-01  -6.445743e+00
   2.657347e-01  -6.446799e+00
   2.667337e-01  -6.447861e+00
   2.677327e-01  -6.448927e+00
   2.687317e-01  -6.449998e+00
   2.697307e-01  -6.451074e+00
   2.707297e-01  -6.452155e+00
   2.717287e-01  -6.453240e+00
   2.727277e-01  -6.454331e+00
   2.737267e-01  -6.455427e+00
   2.747257e-01  -6.456527e+00
   2.757247e-01  -6.457633e+00
   2.767237e-01  -6.458744e+00
   2.777227e-01  -6.459860e+00
   2.787217e-01  -6.460981e+00
   2.797207e-01  -6.462107e+00
   2.807197e-01  -6.463238e+00
   2.817187e-01  -6.464375e+00
   2.827177e-01  -6.465517e+00
   2.837167e-01  -6.466664e+00
   2.847157e-01  -6.467816e+00
   2.857147e-01  -6.468974e+00
   2.867137e-01  -6.470137e+00
   2.877127e-01  -6.471305e+00
   2.887117e-01  -6.472479e+00
   2.897107e-01  -6.473659e+00
   2.907097e-01  -6.474843e+00
   2.917087e-01  -6.476034e+00
   2.927077e-01  -6.477230e+00
   2.937067e-01  -6.478431e+00
   2.947057e-01  -6.479638e+00
   2.957047e-01  -6.480851e+00
   2.967037e-01  -6.482069e+00
   2.977027e-01  -6.483293e+00
   2.987017e-01  -6.484523e+00
   2.997007e-01  -6.485758e+00
   3.006997e-01  -6.487000e+00
   3.016987e-01  -6.488247e+00
   3.026977e-01  -6.489500e+00
   3.036967e-01  -6.490759e+00
   3.046957e-01  -6.492024e+00
   3.056947e-01  -6.493295e+00
   3.066937e-01  -6.494572e+00
   3.076927e-01  -6.495855e+00
   3.086917e-01  -6.497144e+00
   3.096907e-01  -6.498439e+00
   3.106897e-01  -6.499741e+00
   3.116887e-01  -6.501048e+00
   3.126877e-01  -6.502362e+00
   3.136867e-01  -6.503682e+00
   3.146857e-01  -6.505009e+00
   3.156847e-01  -6.506342e+00
   3.166837e-01  -6.507681e+00
   3.176827e-01  -6.509027e+00
   3.186817e-01  -6.510379e+00
   3.196807e-01  -6.511737e+00
   3.206797e-01  -6.513103e+00
   3.216787e-01  -6.514475e+00
   3.226777e-01  -6.515853e+00
   3.236767e-01  -6.517238e+00
   3.246757e-01  -6.518630e+00
   3.256747e-01  -6.520029e+00
   3.266737e-01  -6.521434e+00
   3.276727e-01  -6.522847e+00
   3.286717e-01  -6.524266e+00
   3.296707e-01  -6.525692e+00
   3.306697e-01  -6.527126e+00
   3.316687e-01  -6.528566e+00
   3.326677e-01  -6.530013e+00
   3.336667e-01  -6.531468e+00
   3.346657e-01  -6.532929e+00
   3.356647e-01  -6.534398e+00
   3.366637e-01  -6.535875e+00
   3.376627e-01  -6.537358e+00
   3.386617e-01  -6.538849e+00
   3.396607e-01  -6.540347e+00
   3.406597e-01  -6.541853e+00
   3.416587e-01  -6.543367e+00
   3.426577e-01  -6.544888e+00
   3.436567e-01  -6.546416e+00
   3.446557e-01  -6.547953e+00
   3.456547e-01  -6.549497e+00
   3.466537e-01  -6.551048e+00
   3.476527e-01  -6.552608e+00
   3.486517e-01  -6.554176e+00
   3.496507e-01  -6.555751e+00
   3.506496e-01  -6.557335e+00
   3.516486e-01  -6.558926e+00
   3.526476e-01  -6.560526e+00
   3.536466e-01  -6.562134e+00
   3.546456e-01  -6.563750e+00
   3.556446e-01  -6.565375e+00
   3.566436e-01  -6.567007e+00
   3.576426e-01  -6.568649e+00
   3.586416e-01  -6.570298e+00
   3.596406e-01  -6.571957e+00
   3.606396e-01  -6.573624e+00
   3.616386e-01  -6.575299e+00
   3.626376e-01  -6.576983e+00
   3.636366e-01  -6.578676e+00
   3.646356e-01  -6.580378e+00
   3.656346e-01  -6.582089e+00
   3.666336e-01  -6.583809e+00
   3.676326e-01  -6.585538e+00
   3.686316e-01  -6.587276e+00
   3.696306e-01  -6.589023e+00
   3.706296e-01  -6.590780e+00
   3.716286e-01  -6.592546e+00
   3.726276e-01  -6.594321e+00
   3.736266e-01  -6.596105e+00
   3.746256e-01  -6.597900e+00
   3.756246e-01  -6.599704e+00
   3.766236e-01  -6.601517e+00
   3.776226e-01  -6.603340e+00
   3.786216e-01  -6.605174e+00
   3.796206e-01  -6.607017e+00
   3.806196e-01  -6.608870e+00
   3.816186e-01  -6.610733e+00
   3.826176e-01  -6.612606e+00
   3.836166e-01  -6.614490e+00
   3.846156e-01  -6.616383e+00
   3.856146e-01  -6.618288e+00
   3.866136e-01  -6.620202e+00
   3.876126e-01  -6.622128e+00
   3.886116e-01  -6.624064e+00
   3.896106e-01  -6.626010e+00
   3.906096e-01  -6.627968e+00
   3.916086e-01  -6.629936e+00
   3.926076e-01  -6.631915e+00
   3.936066e-01  -6.633906e+00
   3.946056e-01  -6.635907e+00
   3.956046e-01  -6.637920e+00
   3.966036e-01  -6.639945e+00
   3.976026e-01  -6.641980e+00
   3.986016e-01  -6.644027e+00
   3.996006e-01  -6.646086e+00
   4.005996e-01  -6.648157e+00
   4.015986e-01  -6.650239e+00
   4.025976e-01  -6.652334e+00
   4.035966e-01  -6.654440e+00
   4.045956e-01  -6.656559e+00
   4.055946e-01  -6.658690e+00
   4.065936e-01  -6.660833e+00
   4.075926e-01  -6.662988e+00
   4.085916e-01  -6.665157e+00
   4.095906e-01  -6.667338e+00
   4.105896e-01  -6.669531e+00
   4.115886e-01  -6.671738e+00
   4.125876e-01  -6.673957e+00
   4.135866e-01  -6.676190e+00
   4.145856e-01  -6.678436e+00
   4.155846e-01  -6.680695e+00
   4.165836e-01  -6.682968e+00
   4.175826e-01  -6.685254e+00
   4.185816e-01  -6.687554e+00
   4.195806e-01  -6.689868e+00
   4.205796e-01  -6.692196e+00
   4.215786e-01  -6.694538e+00
   4.225776e-01  -6.696894e+00
   4.235766e-01  -6.699264e+00
   4.245756e-01  -6.701649e+00
   4.255746e-01  -6.704049e+00
   4.265736e-01  -6.706463e+00
   4.275726e-01  -6.708893e+00
   4.285716e-01  -6.711337e+00
   4.295706e-01  -6.713796e+00
   4.305696e-01  -6.716271e+00
   4.315686e-01  -6.718761e+00
   4.325676e-01  -6.721267e+00
   4.335666e-01  -6.723788e+00
   4.345656e-01  -6.726326e+00
   4.355646e-01  -6.728879e+00
   4.365636e-01  -6.731449e+00
   4.375626e-01  -6.734035e+00
   4.385616e-01  -6.736637e+00
   4.395606e-01  -6.739257e+00
   4.405596e-01  -6.741893e+00
   4.415586e-01  -6.744546e+00
   4.425576e-01  -6.747216e+00
   4.435566e-01  -6.749904e+00
   4.445556e-01  -6.752609e+00
   4.455546e-01  -6.755332e+00
   4.465536e-01  -6.758072e+00
   4.475526e-01  -6.760831e+00
   4.485516e-01  -6.763608e+00
   4.495506e-01  -6.766403e+00
   4.505495e-01  -6.769217e+00
   4.515485e-01  -6.772050e+00
   4.525475e-01  -6.774902e+00
   4.535465e-01  -6.777773e+00
   4.545455e-01  -6.780663e+00
   4.555445e-01  -6.783573e+00
   4.565435e-01  -6.786503e+00
   4.575425e-01  -6.789453e+00
   4.585415e-01  -6.792423e+00
   4.595405e-01  -6.795414e+00
   4.605395e-01  -6.798425e+00
   4.615385e-01  -6.801457e+00
   4.625375e-01  -6.804510e+00
   4.635365e-01  -6.807584e+00
   4.645355e-01  -6.810680e+00
   4.655345e-01  -6.813798e+00
   4.665335e-01  -6.816938e+00
   4.675325e-01  -6.820100e+00
   4.685315e-01  -6.823285e+00
   4.695305e-01  -6.826492e+00
   4.705295e-01  -6.829723e+00
   4.715285e-01  -6.832977e+00
   4.725275e-01  -6.836254e+00
   4.735265e-01  -6.839555e+00
   4.745255e-01  -6.842880e+00
   4.755245e-01  -6.846230e+00
   4.765235e-01  -6.849604e+00
   4.775225e-01  -6.853004e+00
   4.785215e-01  -6.856428e+00
   4.795205e-01  -6.859878e+00
   4.805195e-01  -6.863354e+00
   4.815185e-01  -6.866856e+00
   4.825175e-01  -6.870385e+00
   4.835165e-01  -6.873940e+00
   4.845155e-01  -6.877523e+00
   4.855145e-01  -6.881132e+00
   4.865135e-01  -6.884770e+00
   4.875125e-01  -6.888436e+00
   4.885115e-01  -6.892130e+00
   4.895105e-01  -6.895853e+00
   4.905095e-01  -6.899605e+00
   4.915085e-01  -6.903386e+00
   4.925075e-01  -6.907198e+00
   4.935065e-01  -6.911039e+00
   4.945055e-01  -6.914911e+00
   4.955045e-01  -6.918815e+00
   4.965035e-01  -6.922750e+00
   4.975025e-01  -6.926716e+00
   4.985015e-01  -6.930715e+00
   4.995005e-01  -6.934747e+00
   5.004995e-01  -6.938811e+00
   5.014985e-01  -6.942909e+00
   5.024975e-01  -6.947042e+00
   5.034965e-01  -6.951208e+00
   5.044955e-01  -6.955410e+00
   5.054945e-01  -6.959646e+00
   5.064935e-01  -6.963919e+00
   5.074925e-01  -6.968228e+00
   5.084915e-01  -6.972574e+00
   5.094905e-01  -6.976957e+00
   5.104895e-01  -6.981378e+00
   5.114885e-01  -6.985838e+00
   5.124875e-01  -6.990336e+00
   5.134865e-01  -6.994874e+00
   5.144855e-01  -6.999452e+00
   5.154845e-01  -7.004070e+00
   5.164835e-01  -7.008730e+00
   5.174825e-01  -7.013431e+00
   5.184815e-01  -7.018175e+00
   5.194805e-01  -7.022962e+00
   5.204795e-01  -7.027793e+00
   5.214785e-01  -7.032668e+00
   5.224775e-01  -7.037588e+00
   5.234765e-01  -7.042553e+00
   5.244755e-01  -7.047565e+00
   5.254745e-01  -7.052624e+00
   5.264735e-01  -7.057731e+00
   5.274725e-01  -7.062887e+00
   5.284715e-01  -7.068091e+00
   5.294705e-01  -7.073346e+00
   5.304695e-01  -7.078652e+00
   5.314685e-01  -7.084009e+00
   5.324675e-01  -7.089419e+00
   5.334665e-01  -7.094882e+00
   5.344655e-01  -7.100399e+00
   5.354645e-01  -7.105972e+00
   5.364635e-01  -7.111600e+00
   5.374625e-01  -7.117286e+00
   5.384615e-01  -7.123029e+00
   5.394605e-01  -7.128831e+00
   5.404595e-01  -7.134693e+00
   5.414585e-01  -7.140616e+00
   5.424575e-01  -7.146601e+00
   5.434565e-01  -7.152649e+00
   5.444555e-01  -7.158762e+00
   5.454545e-01  -7.164939e+00
   5.464535e-01  -7.171183e+00
   5.474525e-01  -7.177494e+00
   5.484515e-01  -7.183875e+00
   5.494505e-01  -7.190325e+00
   5.504494e-01  -7.196847e+00
   5.514484e-01  -7.203442e+00
   5.524474e-01  -7.210111e+00
   5.534464e-01  -7.216855e+00
   5.544454e-01  -7.223677e+00
   5.554444e-01  -7.230576e+00
   5.564434e-01  -7.237556e+00
   5.574424e-01  -7.244617e+00
   5.584414e-01  -7.251761e+00
   5.594404e-01  -7.258990e+00
   5.604394e-01  -7.266306e+00
   5.614384e-01  -7.273710e+00
   5.624374e-01  -7.281203e+00
   5.634364e-01  -7.288789e+00
   5.644354e-01  -7.296468e+00
   5.654344e-01  -7.304243e+00
   5.664334e-01  -7.312116e+00
   5.674324e-01  -7.320089e+00
   5.684314e-01  -7.328164e+00
   5.694304e-01  -7.336343e+00
   5.704294e-01  -7.344629e+00
   5.714284e-01  -7.353024e+00
   5.724274e-01  -7.361530e+00
   5.734264e-01  -7.370151e+00
   5.744254e-01  -7.378887e+00
   5.754244e-01  -7.387743e+00
   5.764234e-01  -7.396722e+00
   5.774224e-01  -7.405825e+00
   5.784214e-01  -7.415056e+00
   5.794204e-01  -7.424419e+00
   5.804194e-01  -7.433916e+00
   5.814184e-01  -7.443550e+00
   5.824174e-01  -7.453326e+00
   5.834164e-01  -7.463246e+00
   5.844154e-01  -7.473315e+00
   5.854144e-01  -7.483536e+00
   5.864134e-01  -7.493914e+00
   5.874124e-01  -7.504453e+00
   5.884114e-01  -7.515156e+00
   5.894104e-01  -7.526028e+00
   5.904094e-01  -7.537075e+00
   5.914084e-01  -7.548301e+00
   5.924074e-01  -7.559711e+00
   5.934064e-01  -7.571310e+00
   5.944054e-01  -7.583105e+00
   5.954044e-01  -7.595100e+00
   5.964034e-01  -7.607302e+00
   5.974024e-01  -7.619717e+00
   5.984014e-01  -7.632352e+00
   5.994004e-01  -7.645214e+00
   6.003994e-01  -7.658310e+00
   6.013984e-01  -7.671647e+00
   6.023974e-01  -7.685234e+00
   6.033964e-01  -7.699078e+00
   6.043954e-01  -7.713189e+00
   6.053944e-01  -7.727576e+00
   6.063934e-01  -7.742248e+00
   6.073924e-01  -7.757216e+00
   6.083914e-01  -7.772490e+00
   6.093904e-01  -7.788082e+00
   6.103894e-01  -7.804004e+00
   6.113884e-01  -7.820268e+00
   6.123874e-01  -7.836888e+00
   6.133864e-01  -7.853878e+00
   6.143854e-01  -7.871252e+00
   6.153844e-01  -7.889028e+00
   6.163834e-01  -7.907221e+00
   6.173824e-01  -7.925850e+00
   6.183814e-01  -7.944933e+00
   6.193804e-01  -7.964492e+00
   6.203794e-01  -7.984549e+00
   6.213784e-01  -8.005126e+00
   6.223774e-01  -8.026249e+00
   6.233764e-01  -8.047944e+00
   6.243754e-01  -8.070241e+00
   6.253744e-01  -8.093170e+00
   6.263734e-01  -8.116766e+00
   6.273724e-01  -8.141064e+00
   6.283714e-01  -8.166104e+00
   6.293704e-01  -8.191929e+00
   6.303694e-01  -8.218585e+00
   6.313684e-01  -8.246122e+00
   6.323674e-01  -8.274597e+00
   6.333664e-01  -8.304070e+00
   6.343654e-01  -8.334607e+00
   6.353644e-01  -8.366284e+00
   6.363634e-01  -8.399181e+00
   6.373624e-01  -8.433389e+00
   6.383614e-01  -8.469009e+00
   6.393604e-01  -8.506156e+00
   6.403594e-01  -8.544956e+00
   6.413584e-01  -8.585553e+00
   6.423574e-01  -8.628112e+00
   6.433564e-01  -8.672819e+00
   6.443554e-01  -8.719891e+00
   6.453544e-01  -8.769575e+00
   6.463534e-01  -8.822162e+00
   6.473524e-01  -8.877995e+00
   6.483514e-01  -8.937479e+00
   6.493504e-01  -9.001102e+00
   6.503493e-01  -9.069453e+00
   6.513483e-01  -9.143260e+00
   6.523473e-01  -9.223431e+00
   6.533463e-01  -9.311123e+00
   6.543453e-01  -9.407838e+00
   6.553443e-01  -9.515577e+00
   6.563433e-01  -9.637093e+00
   6.573423e-01  -9.776315e+00
   6.583413e-01  -9.939137e+00
   6.593403e-01  -1.013499e+01
   6.603393e-01  -1.038043e+01
   6.613383e-01  -1.070869e+01
   6.623373e-01  -1.120440e+01
   6.633363e-01  -1.224142e+01
   6.643353e-01  -1.242570e+01
   6.653343e-01  -1.125769e+01
   6.663333e-01  -1.073109e+01
   6.673323e-01  -1.038619e+01
   6.683313e-01  -1.012885e+01
   6.693303e-01  -9.923242e+00
   6.703293e-01  -9.751830e+00
   6.713283e-01  -9.604714e+00
   6.723273e-01  -9.475755e+00
   6.733263e-01  -9.360879e+00
   6.743253e-01  -9.257247e+00
   6.753243e-01  -9.162800e+00
   6.763233e-01  -9.075995e+00
   6.773223e-01  -8.995650e+00
   6.783213e-01  -8.920835e+00
   6.793203e-01  -8.850810e+00
   6.803193e-01  -8.784971e+00
   6.813183e-01  -8.722824e+00
   6.823173e-01  -8.663955e+00
   6.833163e-01  -8.608017e+00
   6.843153e-01  -8.554715e+00
   6.853143e-01  -8.503796e+00
   6.863133e-01  -8.455043e+00
   6.873123e-01  -8.408265e+00
   6.883113e-01  -8.363296e+00
   6.893103e-01  -8.319991e+00
   6.903093e-01  -8.278221e+00
   6.913083e-01  -8.237870e+00
   6.923073e-01  -8.198836e+00
   6.933063e-01  -8.161028e+00
   6.943053e-01  -8.124363e+00
   6.953043e-01  -8.088766e+00
   6.963033e-01  -8.054169e+00
   6.973023e-01  -8.020512e+00
   6.983013e-01  -7.987738e+00
   6.993003e-01  -7.955796e+00
   7.002993e-01  -7.924638e+00
   7.012983e-01  -7.894223e+00
   7.022973e-01  -7.864509e+00
   7.032963e-01  -7.835461e+00
   7.042953e-01  -7.807044e+00
   7.052943e-01  -7.779227e+00
   7.062933e-01  -7.751981e+00
   7.072923e-01  -7.725278e+00
   7.082913e-01  -7.699094e+00
   7.092903e-01  -7.673404e+00
   7.102893e-01  -7.648186e+00
   7.112883e-01  -7.623420e+00
   7.122873e-01  -7.599086e+00
   7.132863e-01  -7.575166e+00
   7.142853e-01  -7.551644e+00
   7.152843e-01  -7.528501e+00
   7.162833e-01  -7.505725e+00
   7.172823e-01  -7.483300e+00
   7.182813e-01  -7.461212e+00
   7.192803e-01  -7.439449e+00
   7.202793e-01  -7.417998e+00
   7.212783e-01  -7.396849e+00
   7.222773e-01  -7.375990e+00
   7.232763e-01  -7.355411e+00
   7.242753e-01  -7.335102e+00
   7.252743e-01  -7.315053e+00
   7.262733e-01  -7.295256e+00
   7.272723e-01  -7.275702e+00
   7.282713e-01  -7.256384e+00
   7.292703e-01  -7.237292e+00
   7.302693e-01  -7.218421e+00
   7.312683e-01  -7.199762e+00
   7.322673e-01  -7.181309e+00
   7.332663e-01  -7.163056e+00
   7.342653e-01  -7.144996e+00
   7.352643e-01  -7.127123e+00
   7.362633e-01  -7.109433e+00
   7.372623e-01  -7.091918e+00
   7.382613e-01  -7.074575e+00
   7.392603e-01  -7.057397e+00
   7.402593e-01  -7.040380e+00
   7.412583e-01  -7.023520e+00
   7.422573e-01  -7.006811e+00
   7.432563e-01  -6.990250e+00
   7.442553e-01  -6.973833e+00
   7.452543e-01  -6.957555e+00
   7.462533e-01  -6.941412e+00
   7.472523e-01  -6.925400e+00
   7.482513e-01  -6.909517e+00
   7.492503e-01  -6.893758e+00
   7.502492e-01  -6.878121e+00
   7.512482e-01  -6.862601e+00
   7.522472e-01  -6.847196e+00
   7.532462e-01  -6.831902e+00
   7.542452e-01  -6.816718e+00
   7.552442e-01  -6.801638e+00
   7.562432e-01  -6.786662e+00
   7.572422e-01  -6.771786e+00
   7.582412e-01  -6.757008e+00
   7.592402e-01  -6.742325e+00
   7.602392e-01  -6.727734e+00
   7.612382e-01  -6.713234e+00
   7.622372e-01  -6.698821e+00
   7.632362e-01  -6.684494e+00
   7.642352e-01  -6.670250e+00
   7.652342e-01  -6.656088e+00
   7.662332e-01  -6.642005e+00
   7.672322e-01  -6.627998e+00
   7.682312e-01  -6.614067e+00
   7.692302e-01  -6.600209e+00
   7.702292e-01  -6.586422e+00
   7.712282e-01  -6.572704e+00
   7.722272e-01  -6.559054e+00
   7.732262e-01  -6.545470e+00
   7.742252e-01  -6.531950e+00
   7.752242e-01  -6.518493e+00
   7.762232e-01  -6.505096e+00
   7.772222e-01  -6.491758e+00
   7.782212e-01  -6.478478e+00
   7.792202e-01  -6.465254e+00
   7.802192e-01  -6.452085e+00
   7.812182e-01  -6.438969e+00
   7.822172e-01  -6.425904e+00
   7.832162e-01  -6.412890e+00
   7.842152e-01  -6.399925e+00
   7.852142e-01  -6.387007e+00
   7.862132e-01  -6.374135e+00
   7.872122e-01  -6.361309e+00
   7.882112e-01  -6.348526e+00
   7.892102e-01  -6.335785e+00
   7.902092e-01  -6.323085e+00
   7.912082e-01  -6.310426e+00
   7.922072e-01  -6.297805e+00
   7.932062e-01  -6.285221e+00
   7.942052e-01  -6.272674e+00
   7.952042e-01  -6.260162e+00
   7.962032e-01  -6.247684e+00
   7.972022e-01  -6.235240e+00
   7.982012e-01  -6.222827e+00
   7.992002e-01  -6.210445e+00
   8.001992e-01  -6.198093e+00
   8.011982e-01  -6.185769e+00
   8.021972e-01  -6.173473e+00
   8.031962e-01  -6.161204e+00
   8.041952e-01  -6.148961e+00
   8.051942e-01  -6.136742e+00
   8.061932e-01  -6.124547e+00
   8.071922e-01  -6.112375e+00
   8.081912e-01  -6.100225e+00
   8.091902e-01  -6.088095e+00
   8.101892e-01  -6.075986e+00
   8.111882e-01  -6.063895e+00
   8.121872e-01  -6.051822e+00
   8.131862e-01  -6.039767e+00
   8.141852e-01  -6.027727e+00
   8.151842e-01  -6.015703e+00
   8.161832e-01  -6.003694e+00
   8.171822e-01  -5.991698e+00
   8.181812e-01  -5.979714e+00
   8.191802e-01  -5.967742e+00
   8.201792e-01  -5.955782e+00
   8.211782e-01  -5.943831e+00
   8.221772e-01  -5.931889e+00
   8.231762e-01  -5.919956e+00
   8.241752e-01  -5.908030e+00
   8.251742e-01  -5.896111e+00
   8.261732e-01  -5.884197e+00
   8.271722e-01  -5.872289e+00
   8.281712e-01  -5.860384e+00
   8.291702e-01  -5.848483e+00
   8.301692e-01  -5.836584e+00
   8.311682e-01  -5.824686e+00
   8.321672e-01  -5.812789e+00
   8.331662e-01  -5.800892e+00
   8.341652e-01  -5.788994e+00
   8.351642e-01  -5.777094e+00
   8.361632e-01  -5.765192e+00
   8.371622e-01  -5.753286e+00
   8.381612e-01  -5.741376e+00
   8.391602e-01  -5.729460e+00
   8.401592e-01  -5.717538e+00
   8.411582e-01  -5.705610e+00
   8.421572e-01  -5.693673e+00
   8.431562e-01  -5.681728e+00
   8.441552e-01  -5.669774e+00
   8.451542e-01  -5.657809e+00
   8.461532e-01  -5.645833e+00
   8.471522e-01  -5.633845e+00
   8.481512e-01  -5.621844e+00
   8.491502e-01  -5.609829e+00
   8.501491e-01  -5.597799e+00
   8.511481e-01  -5.585754e+00
   8.521471e-01  -5.573692e+00
   8.531461e-01  -5.561612e+00
   8.541451e-01  -5.549515e+00
   8.551441e-01  -5.537398e+00
   8.561431e-01  -5.525260e+00
   8.571421e-01  -5.513102e+00
   8.581411e-01  -5.500921e+00
   8.591401e-01  -5.488717e+00
   8.601391e-01  -5.476489e+00
   8.611381e-01  -5.464236e+00
   8.621371e-01  -5.451957e+00
   8.631361e-01  -5.439651e+00
   8.641351e-01  -5.427317e+00
   8.651341e-01  -5.414953e+00
   8.661331e-01  -5.402560e+00
   8.671321e-01  -5.390135e+00
   8.681311e-01  -5.377677e+00
   8.691301e-01  -5.365187e+00
   8.701291e-01  -5.352662e+00
   8.711281e-01  -5.340101e+00
   8.721271e-01  -5.327503e+00
   8.731261e-01  -5.314867e+00
   8.741251e-01  -5.302192e+00
   8.751241e-01  -5.289477e+00
   8.761231e-01  -5.276720e+00
   8.771221e-01  -5.263920e+00
   8.781211e-01  -5.251076e+00
   8.791201e-01  -5.238187e+00
   8.801191e-01  -5.225251e+00
   8.811181e-01  -5.212267e+00
   8.821171e-01  -5.199233e+00
   8.831161e-01  -5.186149e+00
   8.841151e-01  -5.173012e+00
   8.851141e-01  -5.159822e+00
   8.861131e-01  -5.146576e+00
   8.871121e-01  -5.133274e+00
   8.881111e-01  -5.119913e+00
   8.891101e-01  -5.106493e+00
   8.901091e-01  -5.093011e+00
   8.911081e-01  -5.079466e+00
   8.921071e-01  -5.065856e+00
   8.931061e-01  -5.052180e+00
   8.941051e-01  -5.038435e+00
   8.951041e-01  -5.024620e+00
   8.961031e-01  -5.010733e+00
   8.971021e-01  -4.996772e+00
   8.981011e-01  -4.982736e+00
   8.991001e-01  -4.968621e+00
   9.000991e-01  -4.954426e+00
   9.010981e-01  -4.940150e+00
   9.020971e-01  -4.925789e+00
   9.030961e-01  -4.911341e+00
   9.040951e-01  -4.896805e+00
   9.050941e-01  -4.882178e+00
   9.060931e-01  -4.867457e+00
   9.070921e-01  -4.852639e+00
   9.080911e-01  -4.837723e+00
   9.090901e-01  -4.822706e+00
   9.100891e-01  -4.807585e+00
   9.110881e-01  -4.792356e+00
   9.120871e-01  -4.777018e+00
   9.130861e-01  -4.761566e+00
   9.140851e-01  -4.745999e+00
   9.150841e-01  -4.730312e+00
   9.160831e-01  -4.714503e+00
   9.170821e-01  -4.698568e+00
   9.180811e-01  -4.682503e+00
   9.190801e-01  -4.666305e+00
   9.200791e-01  -4.649970e+00
   9.210781e-01  -4.633494e+00
   9.220771e-01  -4.616873e+00
   9.230761e-01  -4.600102e+00
   9.240751e-01  -4.583178e+00
   9.250741e-01  -4.566095e+00
   9.260731e-01  -4.548849e+00
   9.270721e-01  -4.531435e+00
   9.280711e-01  -4.513848e+00
   9.290701e-01  -4.496082e+00
   9.300691e-01  -4.478132e+00
   9.310681e-01  -4.459992e+00
   9.320671e-01  -4.441656e+00
   9.330661e-01  -4.423117e+00
   9.340651e-01  -4.404370e+00
   9.350641e-01  -4.385407e+00
   9.360631e-01  -4.366220e+00
   9.370621e-01  -4.346803e+00
   9.380611e-01  -4.327147e+00
   9.390601e-01  -4.307245e+00
   9.400591e-01  -4.287086e+00
   9.410581e-01  -4.266664e+00
   9.420571e-01  -4.245966e+00
   9.430561e-01  -4.224985e+00
   9.440551e-01  -4.203708e+00
   9.450541e-01  -4.182125e+00
   9.460531e-01  -4.160225e+00
   9.470521e-01  -4.137994e+00
   9.480511e-01  -4.115419e+00
   9.490501e-01  -4.092487e+00
   9.500490e-01  -4.069182e+00
   9.510480e-01  -4.045490e+00
   9.520470e-01  -4.021393e+00
   9.530460e-01  -3.996874e+00
   9.540450e-01  -3.971915e+00
   9.550440e-01  -3.946494e+00
   9.560430e-01  -3.920592e+00
   9.570420e-01  -3.894184e+00
   9.580410e-01  -3.867247e+00
   9.590400e-01  -3.839755e+00
   9.600390e-01  -3.811679e+00
   9.610380e-01  -3.782989e+00
   9.620370e-01  -3.753653e+00
   9.630360e-01  -3.723636e+00
   9.640350e-01  -3.692899e+00
   9.650340e-01  -3.661401e+00
   9.660330e-01  -3.629098e+00
   9.670320e-01  -3.595940e+00
   9.680310e-01  -3.561875e+00
   9.690300e-01  -3.526843e+00
   9.700290e-01  -3.490781e+00
   9.710280e-01  -3.453618e+00
   9.720270e-01  -3.415276e+00
   9.730260e-01  -3.375668e+00
   9.740250e-01  -3.334698e+00
   9.750240e-01  -3.292258e+00
   9.760230e-01  -3.248228e+00
   9.770220e-01  -3.202470e+00
   9.780210e-01  -3.154830e+00
   9.790200e-01  -3.105133e+00
   9.800190e-01  -3.053175e+00
   9.810180e-01  -2.998725e+00
   9.820170e-01  -2.941511e+00
   9.830160e-01  -2.881216e+00
   9.840150e-01  -2.817465e+00
   9.850140e-01  -2.749810e+00
   9.860130e-01  -2.677712e+00
   9.870120e-01  -2.600508e+00
   9.880110e-01  -2.517381e+00
   9.890100e-01  -2.427295e+00
   9.900090e-01  -2.328921e+00
   9.910080e-01  -2.220509e+00
   9.920070e-01  -2.099686e+00
   9.930060e-01  -1.963128e+00
   9.940050e-01  -1.805966e+00
   9.950040e-01  -1.620652e+00
   9.960030e-01  -1.394542e+00
   9.970020e-01  -1.103936e+00
   9.980010e-01  -6.956387e-01
   9.990000e-01  -2.293964e-06
