-6857.61 -15896 -4077.03
-8301.22 -16677 -3889.15
-9933.08 -17110.9 -3701.08
-11669.7 -17152.3 -3512.84
-13416.5 -16775.9 -3324.42
-15073 -15979.3 -3135.85
-16538.1 -14784.3 -2947.13
-17715.8 -13236.9 -2758.26
-18521.4 -11406.2 -2569.26
-18886.6 -9381.8 -2380.13
-18764.8 -7269.7 -2190.9
-18135 -5187.1 -2001.55
-17004.1 -3256.27 -1812.11
-15408.7 -1597.82 -1622.59
-13414.4 -323.537 -1432.98
-11113.6 470.546 -1243.31
-8621.86 710.648 -1053.57
-6072.5 350.803 -863.786
-3609.94 -622.868 -673.959
-1381.91 -2189.49 -484.1
468.881 -4292.63 -294.217
1813.29 -6841.51 -104.32
2544.01 -9714.26 85.5812
2583.1 -12763.2 275.479
1888.13 -15821.8 465.363
456.734 -18713.5 655.225
-1670.91 -21261 845.055
-4411.98 -23296.7 1034.85
-7643.32 -24673 1224.58
-11206.2 -25271.8 1414.27
-14913.6 -25013.4 1603.88
-18559.1 -23862.9 1793.41
-21928 -21835.2 1982.86
-24809.2 -18996.9 2172.22
-27007.6 -15465.3 2361.47
-28356.3 -11404.7 2550.6
-28728 -7019.66 2739.61
-28044.5 -2545.29 2928.49
-26284.4 1764.45 3117.23
-23487.2 5650.43 3305.82
-19754.9 8863.03 3494.25
-15249.6 11177.2 3682.52
-10187.4 12406.8 3870.6
-4829.37 12417.9 4058.5
531.19 11139.1 4246.2
5583.86 8569.9 4433.7
10018 4784.32 4620.98
13541 -68.8171 4808.05
15895.7 -5770.21 4994.88
16878 -12038.7 5181.47
16351.4 -18544 5367.81
14258.9 -24923 5553.89
10630.7 -30798.7 5739.7
5588.05 -35801.6 5925.24
-659.062 -39591.1 6110.5
-7818.64 -41877.5 6295.46
-15528.9 -42440.9 6480.11
-23375.2 -41148.9 6664.45
-30911 -37968.6 6848.48
-37681.8 -32974.8 7032.17
-43251.1 -26351.5 7215.52
-47226.6 -18387.9 7398.53
-49285.8 -9467.47 7581.18
-49198.4 -51.458 7763.47
-46844.9 9343.5 7945.38
-42230.4 18172 8126.91
-35491.2 25889.9 8308.04
-26894.6 31985.7 8488.78
-16830.9 36012.4 8669.11
-5797.95 37616.8 8849.02
5621.11 36565.6 9028.51
16787.2 32765.8 9207.56
27038.8 26278.2 9386.16
35728.9 17322.9 9564.32
42263.7 6275.56 9742.01
46139.5 -6345.06 9919.24
46977.5 -19899.1 10096
44553.2 -33655.3 10272.2
38817.7 -46828.7 10448
29911.3 -58622.1 10623.3
18165.9 -68272.5 10798
4097.41 -75096.5 10972.3
-11614.1 -78534.9 11146
-28153.8 -78192.1 11319.1
-44611.7 -73868.8 11491.8
-60029.6 -65584.5 11663.8
-73454.3 -53589.5 11835.3
-83992.6 -38363.3 12006.3
-90866.8 -20600.7 12176.6
-93466.2 -1183.36 12346.4
-91392.6 18859.8 12515.6
-84495.2 38404.2 12684.1
-72893.9 56288.7 12852.1
-56988.1 71381.2 13019.5
-37449.7 82645.6 13186.2
-15200 89207.6 13352.3
8629.32 90414.4 13517.7
32749.5 85885.7 13682.5
55780 75551.4 13846.6
76323.5 59673.7 14010.1
93045.9 38850.9 14172.9
104757 14002.7 14335
110487 -13665 14496.4
109558 -42712.8 14657.1
101638 -71538 14817.1
86779.8 -98457.8 14976.4
65441.8 -121802 15135
38484.4 -140012 15292.8
7143.37 -151735 15450
-27020 -155914 15606.3
-62190.4 -151872 15761.9
-96388.9 -139365 15916.8
-127578 -118627 16070.9
-153778 -90381.5 16224.2
-173179 -55830.4 16376.7
-184266 -16609 16528.5
-185914 25281.5 16679.4
-177480 67569.3 16829.6
-158868 107828 16978.9
-130566 143608 17127.4
-93652 172577 17275.1
-49765.5 192661 17422
-1044.04 202184 17568
49970.2 199980 17713.2
100455 185497 17857.5
147455 158864 18001
188046 120917 18143.6
219504 73200.4 18285.3
239479 17910.5 18426.2
246146 -42188.4 18566.1
238349 -103894 18705.2
215700 -163724 18843.3
178651 -218105 18980.6
128511 -263571 19116.9
67428.1 -296970 19252.4
-1695.46 -315668 19386.9
-75321.4 -317731 19520.4
-149446 -302074 19653
-219804 -268576 19784.7
-282101 -218144 19915.4
-332263 -152717 20045.2
-366679 -75215.7 20174
-382442 10570.4 20301.8
-377560 100152 20428.7
-351117 188561 20554.5
-303395 270607 20679.4
-235926 341170 20803.3
-151472 395495 20926.1
-53941.4 429495 21048
51774.5 440022 21168.9
160026 425105 21288.7
264690 384133 21407.5
359495 317970 21525.3
438378 228987 21642
495846 121016 21757.7
527329 -789.187 21872.4
529496 -130175 21986
500523 -260085 22098.5
440281 -383026 22210
350449 -491471 22320.4
234513 -578298 22429.7
97677.1 -637223 22538
-53344.8 -663217 22645.1
-210627 -652863 22751.2
-365421 -604655 22856.2
-508616 -519190 22960.1
-631245 -399259 23062.9
-725012 -249810 23164.5
-782813 -77790.6 23265.1
-799213 108144 23364.5
-770863 298031 23462.8
-696811 481098 23560
-578696 646347 23656
-420807 783172 23750.9
-229983 881998 23844.7
-15368.8 934900 23937.3
211982 936149 24028.7
439639 882678 24119
654432 774414 24208.1
843173 614451 24296.1
993418 409057 24382.9
1.09423e+06 167496 24468.5
1.13691e+06 -98333.7 24553
1.11561e+06 -374442 24636.2
1.02785e+06 -645431 24718.3
874871 -895304 24799.2
661747 -1.10837e+06 24878.9
397338 -1.27014e+06 24957.4
93986.7 -1.36827e+06 25034.7
-232991 -1.3934e+06 25110.8
-566026 -1.33984e+06 25185.7
-886176 -1.20611e+06 25259.3
-1.17415e+06 -995333 25331.8
-1.4114e+06 -715238 25403
-1.58124e+06 -378036 25473
-1.66993e+06 52.0582 25541.8
-1.66762e+06 399495 25609.3
-1.56918e+06 798392 25675.7
-1.37473e+06 1.1736e+06 25740.7
-1.08996e+06 1.50202e+06 25804.6
-726147 1.76192e+06 25867.2
-299773 1.93425e+06 25928.5
168089 2.00397e+06 25988.6
652741 1.96108e+06 26047.5
1.12708e+06 1.80155e+06 26105.1
1.56304e+06 1.52784e+06 26161.4
1.93313e+06 1.14921e+06 26216.5
2.2121e+06 681489 26270.3
2.37851e+06 146616 26322.9
2.41618e+06 -428321 26374.2
2.31548e+06 -1.01234e+06 26424.2
2.07422e+06 -1.57214e+06 26472.9
1.69822e+06 -2.07388e+06 26520.4
1.20145e+06 -2.48514e+06 26566.6
605682 -2.77684e+06 26611.5
-60305.6 -2.92517e+06 26655.1
-762009 -2.91321e+06 26697.5
-1.46085e+06 -2.73236e+06 26738.5
-2.11618e+06 -2.38331e+06 26778.3
-2.68752e+06 -1.87653e+06 26816.8
-3.1369e+06 -1.23222e+06 26854
-3.43122e+06 -479743 26889.9
-3.54444e+06 343589 26924.5
-3.4595e+06 1.19419e+06 26957.8
-3.16984e+06 2.02437e+06 26989.8
-2.68036e+06 2.78485e+06 27020.5
-2.00784e+06 3.42754e+06 27049.9
-1.18062e+06 3.90839e+06 27078
-237645 4.19015e+06 27104.8
773163 4.24496e+06 27130.3
1.79719e+06 4.05649e+06 27154.5
2.77587e+06 3.62156e+06 27177.4
3.64991e+06 2.95106e+06 27199
4.36258e+06 2.07019e+06 27219.2
4.86327e+06 1.01776e+06 27238.2
5.11066e+06 -155192 27255.8
5.07576e+06 -1.38772e+06 27272.1
4.74421e+06 -2.61188e+06 27287.2
4.11802e+06 -3.75626e+06 27300.9
3.21638e+06 -4.74997e+06 27313.2
2.07556e+06 -5.52669e+06 27324.3
747768 -6.02886e+06 27334.1
-700919 -6.21146e+06 27342.5
-2.19359e+06 -6.0454e+06 27349.6
-3.64633e+06 -5.52008e+06 27355.4
-4.97267e+06 -4.6451e+06 27359.9
-6.08846e+06 -3.45088e+06 27363.1
-6.91684e+06 -1.98808e+06 27364.9
-7.39318e+06 -325868 27365.5
-7.46946e+06 1.45103e+06 27364.7
-7.11809e+06 3.24633e+06 27362.6
-6.33461e+06 4.9571e+06 27359.2
-5.13937e+06 6.47935e+06 27354.4
-3.57772e+06 7.71396e+06 27348.4
-1.71889e+06 8.57274e+06 27341
346682 8.98416e+06 27332.3
2.51132e+06 8.89844e+06 27322.3
4.65538e+06 8.29174e+06 27311
6.65347e+06 7.16899e+06 27298.4
8.38139e+06 5.56531e+06 27284.4
9.72337e+06 3.54571e+06 27269.2
1.05793e+07 1.20308e+06 27252.6
1.08714e+07 -1.34561e+06 27234.7
1.05502e+07 -3.96468e+06 27215.5
9.59851e+06 -6.50648e+06 27195
8.03507e+06 -8.81931e+06 27173.2
5.91495e+06 -1.07559e+07 27150.1
3.32867e+06 -1.21823e+07 27125.6
399037 -1.29862e+07 27099.9
-2.72416e+06 -1.3085e+07 27072.8
-5.87122e+06 -1.24322e+07 27044.5
-8.86124e+06 -1.10219e+07 27014.8
-1.15119e+07 -8.89194e+06 26983.9
-1.365e+07 -6.12396e+06 26951.6
-1.51219e+07 -2.84132e+06 26918.1
-1.58038e+07 795658 26883.2
-1.56104e+07 4.59685e+06 26847.1
-1.45021e+07 8.35157e+06 26809.6
-1.249e+07 1.18396e+07 26770.9
-9.63845e+06 1.48435e+07 26730.9
-6.06382e+06 1.71612e+07 26689.6
-1.93129e+06 1.86185e+07 26647
2.55209e+06 1.90813e+07 26603.1
7.14697e+06 1.8465e+07 26558
1.15936e+07 1.67429e+07 26511.6
1.56259e+07 1.39504e+07 26463.9
1.89862e+07 1.01874e+07 26414.9
2.14408e+07 5.61554e+06 26364.6
2.27952e+07 452783 26313.1
2.29071e+07 -5.03607e+06 26260.3
2.16978e+07 -1.0552e+07 26206.2
1.9161e+07 -1.5777e+07 26150.9
1.53666e+07 -2.03915e+07 26094.4
1.04614e+07 -2.4093e+07 26036.5
4.66528e+06 -2.66139e+07 25977.4
-1.73774e+06 -2.77399e+07 25917.1
-8.41192e+06 -2.73248e+07 25855.5
-1.49864e+07 -2.53034e+07 25792.7
-2.10744e+07 -2.16996e+07 25728.6
-2.62953e+07 -1.66304e+07 25663.3
-3.02962e+07 -1.03045e+07 25596.7
-3.27748e+07 -3.01556e+06 25529
-3.3499e+07 4.87011e+06 25460
-3.23254e+07 1.29303e+07 25389.7
-2.92118e+07 2.07082e+07 25318.3
-2.42261e+07 2.77369e+07 25245.6
-1.75487e+07 3.35658e+07 25171.7
-9.46817e+06 3.77877e+07 25096.6
-371323 4.00649e+07 25020.3
9.27382e+06 4.01528e+07 24942.7
1.89403e+07 3.79192e+07 24864
2.80695e+07 3.33591e+07 24784.1
3.61014e+07 2.66016e+07 24703
4.2507e+07 1.79108e+07 24620.7
4.68211e+07 7.67813e+06 24537.2
4.86725e+07 -3.59312e+06 24452.5
4.78112e+07 -1.53102e+07 24366.7
4.41298e+07 -2.68203e+07 24279.7
3.7678e+07 -3.74447e+07 24191.5
2.86691e+07 -4.65164e+07 24102.1
1.74764e+07 -5.34202e+07 24011.6
4.62199e+06 -5.76302e+07 23919.9
-9.24606e+06 -5.87465e+07 23827.1
-2.33831e+07 -5.65251e+07 23733.2
-3.69859e+07 -5.09011e+07 23638
-4.92353e+07 -4.20031e+07 23541.8
-5.93435e+07 -3.01566e+07 23444.4
-6.66008e+07 -1.5877e+07 23345.9
-7.04213e+07 149615 23246.3
-7.03847e+07 1.70962e+07 23145.5
-6.62694e+07 3.40343e+07 23043.6
-5.80773e+07 4.99823e+07 22940.6
-4.60467e+07 6.39591e+07 22836.6
-3.06518e+07 7.50407e+07 22731.4
-1.25894e+07 8.24173e+07 22625.1
7.24885e+06 8.54467e+07 22517.7
2.78167e+07 8.37016e+07 22409.3
4.7965e+07 7.70062e+07 22299.7
6.65023e+07 6.54613e+07 22189.1
8.22615e+07 4.94546e+07 22077.5
9.41685e+07 2.96545e+07 21964.7
1.0131e+08 6.9882e+06 21850.9
1.02997e+08 -1.73976e+07 21736.1
9.88145e+07 -4.21899e+07 21620.2
8.8665e+07 -6.59761e+07 21503.2
7.27902e+07 -8.73201e+07 21385.3
5.1778e+07 -1.04844e+08 21266.3
2.65477e+07 -1.17311e+08 21146.2
-1.68383e+06 -1.23706e+08 21025.2
-3.14551e+07 -1.23306e+08 20903.1
-6.11309e+07 -1.15741e+08 20780.1
-8.89867e+07 -1.01033e+08 20656
-1.13303e+08 -7.96207e+07 20530.9
-1.32467e+08 -5.23553e+07 20404.9
-1.45069e+08 -2.04769e+07 20277.9
-1.49998e+08 1.44353e+07 20149.9
-1.46525e+08 5.05347e+07 20020.9
-1.34364e+08 8.57992e+07 19890.9
-1.13714e+08 1.18137e+08 19760
-8.52816e+07 1.45507e+08 19628.2
-5.02607e+07 1.66033e+08 19495.4
-1.02987e+07 1.78131e+08 19361.7
3.25761e+07 1.80612e+08 19227
7.6049e+07 1.72773e+08 19091.4
1.17636e+08 1.54472e+08 18954.9
1.5482e+08 1.2616e+08 18817.5
1.8519e+08 8.88984e+07 18679.1
2.06593e+08 4.43265e+07 18539.9
2.17269e+08 -5.39783e+06 18399.8
2.15977e+08 -5.76928e+07 18258.8
2.02099e+08 -1.09678e+08 18116.9
1.75709e+08 -1.58325e+08 17974.1
1.3761e+08 -2.0062e+08 17830.5
8.93298e+07 -2.33748e+08 17686
3.30757e+07 -2.55256e+08 17540.7
-2.83563e+07 -2.63225e+08 17394.5
-9.17078e+07 -2.56409e+08 17247.5
-1.5342e+08 -2.34346e+08 17099.6
-2.09824e+08 -1.97429e+08 16950.9
-2.57344e+08 -1.46935e+08 16801.4
-2.92713e+08 -8.50035e+07 16651.1
-3.13176e+08 -1.45579e+07 16500
-3.16685e+08 6.08145e+07 16348.1
-3.02054e+08 1.37033e+08 16195.5
-2.69077e+08 2.09733e+08 16042
-2.18603e+08 2.74497e+08 15887.8
-1.5254e+08 3.27114e+08 15732.8
-7.38113e+07 3.63833e+08 15577
1.37567e+07 3.81604e+08 15420.5
1.05604e+08 3.783e+08 15263.2
1.96658e+08 3.5289e+08 15105.3
2.81599e+08 3.05564e+08 14946.5
3.55151e+08 2.37793e+08 14787.1
4.12394e+08 1.52319e+08 14627
4.49067e+08 5.30646e+07 14466.1
4.61851e+08 -5.50182e+07 14304.6
4.48623e+08 -1.66181e+08 14142.3
4.0864e+08 -2.74162e+08 13979.4
3.42666e+08 -3.72523e+08 13815.8
2.53018e+08 -4.55007e+08 13651.6
1.43515e+08 -5.15917e+08 13486.7
1.93496e+07 -5.50473e+08 13321.1
-1.13136e+08 -5.55146e+08 13154.9
-2.46749e+08 -5.27932e+08 12988.1
-3.73816e+08 -4.6856e+08 12820.6
-4.86596e+08 -3.78604e+08 12652.5
-5.77728e+08 -2.61501e+08 12483.8
-6.40677e+08 -1.22462e+08 12314.5
-6.70165e+08 3.17307e+07 12144.7
-6.62542e+08 1.93025e+08 11974.2
-6.16098e+08 3.52488e+08 11803.1
-5.31274e+08 5.00776e+08 11631.5
-4.10757e+08 6.28653e+08 11459.4
-2.59461e+08 7.27527e+08 11286.6
-8.4363e+07 7.89989e+08 11113.4
1.05772e+08 8.1031e+08 10939.6
3.00803e+08 7.8487e+08 10765.2
4.89715e+08 7.12489e+08 10590.4
6.61211e+08 5.94639e+08 10415
8.04347e+08 4.3551e+08 10239.2
9.09188e+08 2.41927e+08 10062.8
9.67439e+08 2.31067e+07 9885.97
9.73026e+08 -2.09739e+08 9708.66
9.22572e+08 -4.43935e+08 9530.88
8.1575e+08 -6.65993e+08 9352.64
6.5548e+08 -8.62346e+08 9173.95
4.47948e+08 -1.02013e+09 8994.81
2.02436e+08 -1.12797e+09 8815.25
-6.90376e+07 -1.17672e+09 8635.26
-3.52251e+08 -1.16014e+09 8454.85
-6.3148e+08 -1.07539e+09 8274.04
-8.90317e+08 -9.23432e+08 8092.83
-1.11259e+09 -7.09174e+08 7911.22
-1.2833e+09 -4.41416e+08 7729.24
-1.38957e+09 -1.32564e+08 7546.89
-1.4215e+09 2.01871e+08 7364.17
-1.37295e+09 5.44002e+08 7181.1
-1.24205e+09 8.74454e+08 6997.68
-1.03161e+09 1.17341e+09 6813.92
-7.49218e+08 1.42172e+09 6629.84
-4.07053e+08 1.60208e+09 6445.44
-2.14716e+07 1.70008e+09 6260.72
3.87707e+08 1.70529e+09 6075.71
7.98149e+08 1.61201e+09 5890.4
1.18615e+09 1.41995e+09 5704.81
1.52794e+09 1.1345e+09 5518.95
1.80103e+09 7.66781e+08 5332.81
1.98562e+09 3.33325e+08 5146.43
2.0659e+09 -1.4457e+08 4959.79
2.03115e+09 -6.41797e+08 4772.91
1.87674e+09 -1.13067e+09 4585.81
1.60465e+09 -1.5824e+09 4398.48
1.22384e+09 -1.96865e+09 4210.95
7.5006e+08 -2.26325e+09 4023.21
2.05359e+08 -2.44383e+09 3835.27
-3.82816e+08 -2.49332e+09 3647.15
-9.82917e+08 -2.40125e+09 3458.86
-1.56087e+09 -2.16474e+09 3270.4
-2.08192e+09 -1.78912e+09 3081.78
-2.51257e+09 -1.28809e+09 2893.01
-2.82265e+09 -6.83398e+08 2704.11
-2.98719e+09 -4.06057e+06 2515.07
-2.98824e+09 7.14896e+08 2325.91
-2.81625e+09 1.43412e+09 2136.64
-2.47115e+09 2.11197e+09 1947.27
-1.9629e+09 2.70678e+09 1757.81
-1.31147e+09 3.17927e+09 1568.26
-5.46316e+08 3.49499e+09 1378.63
2.94849e+08 3.62656e+09 1188.94
1.1677e+09 3.55568e+09 999.187
2.02351e+09 3.27472e+09 809.389
2.81173e+09 2.78778e+09 619.552
3.48276e+09 2.11111e+09 429.685
3.99095e+09 1.27293e+09 239.797
4.29742e+09 3.12415e+08 49.8982
4.37271e+09 -7.21884e+08 -140.003
4.19908e+09 -1.77433e+09 -329.898
3.77214e+09 -2.78501e+09 -519.777
3.10193e+09 -3.69296e+09 -709.631
2.21318e+09 -4.43963e+09 -899.45
1.14471e+09 -4.97241e+09 -1089.23
-5.20225e+07 -5.24804e+09 -1278.95
-1.31512e+09 -5.23565e+09 -1468.61
-2.57527e+09 -4.91925e+09 -1658.2
-3.7593e+09 -4.29955e+09 -1847.72
-4.7942e+09 -3.39487e+09 -2037.14
-5.61139e+09 -2.24109e+09 -2226.46
-6.15091e+09 -8.90589e+08 -2415.68
-6.36541e+09 5.89791e+08 -2604.78
-6.22361e+09 2.12183e+09 -2793.76
-5.71307e+09 3.61978e+09 -2982.6
-4.842e+09 4.99489e+09 -3171.3
-3.63994e+09 6.16038e+09 -3359.84
-2.15734e+09 7.03659e+09 -3548.22
-4.6382e+08 7.55599e+09 -3736.44
1.35475e+09 7.6678e+09 -3924.47
3.20027e+09 7.34192e+09 -4112.31
4.96741e+09 6.57185e+09 -4299.96
6.54924e+09 5.37645e+09 -4487.39
7.84341e+09 3.8003e+09 -4674.62
8.75826e+09 1.91263e+09 -4861.61
9.21881e+09 -1.95266e+08 -5048.38
9.17203e+09 -2.41406e+09 -5234.9
8.59124e+09 -4.62165e+09 -5421.16
7.47911e+09 -6.68951e+09 -5607.17
5.86926e+09 -8.48974e+09 -5792.91
3.82609e+09 -9.90257e+09 -5978.36
1.44283e+09 -1.08237e+10 -6163.53
-1.16218e+09 -1.11712e+10 -6348.41
-3.8509e+09 -1.08918e+10 -6532.97
-6.47242e+09 -9.96518e+09 -6717.22
-8.871e+09 -8.40764e+09 -6901.15
-1.08948e+10 -6.27277e+09 -7084.75
-1.24048e+10 -3.65077e+09 -7268.01
-1.32837e+10 -6.65275e+08 -7450.91
-1.34442e+10 2.53184e+09 -7633.46
-1.28351e+10 5.76764e+09 -7815.64
-1.14473e+10 8.85694e+09 -7997.44
-9.31584e+09 1.16123e+10 -8178.86
-6.52122e+09 1.38547e+10 -8359.88
-3.18682e+09 1.54246e+10 -8540.5
5.25499e+08 1.61919e+10 -8720.71
4.4226e+09 1.60658e+10 -8900.5
8.28944e+09 1.50018e+10 -9079.86
1.19003e+10 1.30071e+10 -9258.79
1.50311e+10 1.01432e+10 -9437.27
1.74727e+10 6.52574e+09 -9615.29
1.90438e+10 2.32055e+09 -9792.85
1.96028e+10 -2.26286e+09 -9969.94
1.90586e+10 -6.98092e+09 -10146.5
1.73789e+10 -1.15681e+10 -10322.7
1.45951e+10 -1.57512e+10 -10498.3
1.08045e+10 -1.92643e+10 -10673.4
6.16817e+09 -2.18652e+10 -10848
9.05801e+08 -2.33503e+10 -11022.1
-4.71413e+09 -2.35689e+10 -11195.6
-1.03868e+10 -2.24348e+10 -11368.7
-1.57867e+10 -1.99355e+10 -11541.1
-2.05851e+10 -1.61364e+10 -11713
-2.44693e+10 -1.11824e+10 -11884.4
-2.71613e+10 -5.29334e+09 -12055.1
-2.8436e+10 1.24373e+09 -12225.3
-2.81373e+10 8.08773e+09 -12394.9
-2.61914e+10 1.486e+10 -12563.9
-2.26155e+10 2.11641e+10 -12732.3
-1.75223e+10 2.66078e+10 -12900.1
-1.11187e+10 3.08257e+10 -13067.3
-3.69986e+09 3.35025e+10 -13233.8
4.36344e+09 3.43938e+10 -13399.7
1.26415e+10 3.33444e+10 -13565
2.06671e+10 3.03026e+10 -13729.6
2.79609e+10 2.53292e+10 -13893.5
3.40578e+10 1.86002e+10 -14056.8
3.85353e+10 1.04036e+10 -14219.4
4.10402e+10 1.12914e+09 -14381.3
4.13129e+10 -8.7484e+09 -14542.5
3.92083e+10 -1.86918e+10 -14703
3.47105e+10 -2.8129e+10 -14862.8
2.79413e+10 -3.64838e+10 -15021.9
1.9161e+10 -4.32096e+10 -15180.3
8.76178e+09 -4.78223e+10 -15337.9
-2.7479e+09 -4.99323e+10 -15494.8
-1.47657e+10 -4.92721e+10 -15651
-2.66249e+10 -4.57195e+10 -15806.4
-3.76293e+10 -3.93125e+10 -15961
-4.70919e+10 -3.02568e+10 -16114.9
-5.43753e+10 -1.89234e+10 -16268
-5.89311e+10 -5.83683e+09 -16420.3
-6.03373e+10 8.34659e+09 -16571.8
-5.83299e+10 2.28688e+10 -16722.6
-5.28272e+10 3.69082e+10 -16872.5
-4.39454e+10 4.96236e+10 -17021.6
-3.20031e+10 6.02016e+10 -17169.9
-1.75145e+10 6.79056e+10 -17317.3
-1.17136e+09 7.21226e+10 -17463.9
1.61871e+10 7.24062e+10 -17609.7
3.36143e+10 6.85121e+10 -17754.7
5.01046e+10 6.04234e+10 -17898.7
6.46485e+10 4.83657e+10 -18042
7.62908e+10 3.28072e+10 -18184.3
8.41887e+10 1.44463e+10 -18325.8
8.76676e+10 -5.81593e+09 -18466.4
8.627e+10 -2.6916e+10 -18606.1
7.97939e+10 -4.76801e+10 -18744.9
6.83202e+10 -6.68861e+10 -18882.8
5.22236e+10 -8.3331e+10 -19019.8
3.21687e+10 -9.59022e+10 -19155.8
9.08774e+09 -1.03647e+11 -19291
-1.58578e+10 -1.05837e+11 -19425.2
-4.1331e+10 -1.02023e+11 -19558.5
-6.58869e+10 -9.20774e+10 -19690.9
-8.80497e+10 -7.6222e+10 -19822.3
-1.06397e+11 -5.5032e+10 -19952.7
-1.19645e+11 -2.94257e+10 -20082.2
-1.2673e+11 -6.3025e+08 -20210.7
-1.26884e+11 2.98711e+10 -20338.3
-1.19698e+11 6.04104e+10 -20464.8
-1.05161e+11 8.92208e+10 -20590.4
-8.36902e+10 1.14533e+11 -20715
-5.61263e+10 1.34679e+11 -20838.6
-2.37131e+10 1.4819e+11 -20961.2
1.19528e+10 1.53901e+11 -21082.7
4.89941e+10 1.51028e+11 -21203.3
8.53448e+10 1.3924e+11 -21322.9
1.18859e+11 1.18702e+11 -21441.4
1.47431e+11 9.00981e+10 -21558.8
1.6912e+11 5.46164e+10 -21675.3
1.82269e+11 1.39139e+10 -21790.7
1.85622e+11 -2.99543e+10 -21905
1.78417e+11 -7.46307e+10 -22018.3
1.60459e+11 -1.17574e+11 -22130.6
1.32165e+11 -1.56196e+11 -22241.7
9.45753e+10 -1.8801e+11 -22351.8
4.93273e+10 -2.10777e+11 -22460.9
-1.40131e+09 -2.22654e+11 -22568.8
-5.49898e+10 -2.22322e+11 -22675.7
-1.085e+11 -2.09092e+11 -22781.4
-1.58827e+11 -1.82984e+11 -22886.1
-2.02871e+11 -1.44762e+11 -22989.6
-2.37717e+11 -9.5938e+10 -23092.1
-2.60813e+11 -3.87264e+10 -23193.4
-2.7014e+11 2.40453e+10 -23293.7
-2.6436e+11 8.90634e+10 -23392.8
-2.4293e+11 1.52692e+11 -23490.8
-2.06186e+11 2.11164e+11 -23587.6
-1.55368e+11 2.60794e+11 -23683.3
-9.26037e+10 2.98194e+11 -23777.9
-2.08364e+10 3.20489e+11 -23871.3
5.62986e+10 3.25512e+11 -23963.6
1.34644e+11 3.1197e+11 -24054.7
2.09733e+11 2.79571e+11 -24144.7
2.77025e+11 2.29099e+11 -24233.5
3.32171e+11 1.6243e+11 -24321.1
3.71273e+11 8.24871e+10 -24407.6
3.91135e+11 -6.86911e+09 -24492.9
3.89491e+11 -1.01008e+11 -24577
3.6519e+11 -1.94753e+11 -24659.9
3.18326e+11 -2.82652e+11 -24741.6
2.50304e+11 -3.59274e+11 -24822.2
1.6384e+11 -4.19526e+11 -24901.5
6.28727e+10 -4.58969e+11 -24979.7
-4.75906e+10 -4.74112e+11 -25056.6
-1.61701e+11 -4.62669e+11 -25132.4
-2.73061e+11 -4.23762e+11 -25206.9
-3.75059e+11 -3.58052e+11 -25280.2
-4.61244e+11 -2.67792e+11 -25352.3
-5.25707e+11 -1.56786e+11 -25423.2
-5.63455e+11 -3.0262e+10 -25492.8
-5.70752e+11 1.0535e+11 -25561.3
-5.4541e+11 2.42721e+11 -25628.5
-4.87005e+11 3.73997e+11 -25694.4
-3.97003e+11 4.91218e+11 -25759.2
-2.78786e+11 5.86781e+11 -25822.6
-1.37566e+11 6.53893e+11 -25884.9
1.981e+10 6.87018e+11 -25945.9
1.85162e+11 6.82267e+11 -26005.6
3.49375e+11 6.37719e+11 -26064.1
5.0287e+11 5.53646e+11 -26121.4
6.36134e+11 4.32629e+11 -26177.3
7.40274e+11 2.79534e+11 -26232.1
8.07571e+11 1.01371e+11 -26285.5
8.31988e+11 -9.29929e+10 -26337.7
8.09627e+11 -2.93238e+11 -26388.6
7.39069e+11 -4.88107e+11 -26438.3
6.21609e+11 -6.65998e+11 -26486.6
4.61332e+11 -8.15623e+11 -26533.7
2.65038e+11 -9.26677e+11 -26579.6
4.20117e+10 -9.90488e+11 -26624.1
-1.96378e+11 -1.00062e+12 -26667.4
-4.37214e+11 -9.53383e+11 -26709.4
-6.66685e+11 -8.48178e+11 -26750
-8.70841e+11 -6.8774e+11 -26789.5
-1.03639e+12 -4.78162e+11 -26827.6
-1.1515e+12 -2.28736e+11 -26864.4
-1.20658e+12 4.84016e+10 -26899.9
-1.19496e+12 3.38802e+11 -26934.1
-1.11344e+12 6.26413e+11 -26967.1
-9.62703e+11 8.94412e+11 -26998.7
-7.47459e+11 1.12614e+12 -27029.1
-4.76438e+11 1.30606e+12 -27058.1
-1.62106e+11 1.42076e+12 -27085.8
1.7984e+11 1.45981e+12 -27112.3
5.31193e+11 1.41656e+12 -27137.4
8.72146e+11 1.28875e+12 -27161.2
1.18234e+12 1.07887e+12 -27183.7
1.44204e+12 7.94333e+11 -27204.9
1.63325e+12 4.47282e+11 -27224.8
1.74094e+12 5.42011e+10 -27243.4
1.75403e+12 -3.64808e+11 -27260.6
1.66627e+12 -7.86978e+11 -27276.6
1.4769e+12 -1.18804e+12 -27291.2
1.191e+12 -1.54352e+12 -27304.5
8.19531e+11 -1.83021e+12 -27316.6
3.79054e+11 -2.0275e+12 -27327.2
-1.08916e+11 -2.11878e+12 -27336.6
-6.18868e+11 -2.09262e+12 -27344.7
-1.12253e+12 -1.94372e+12 -27351.4
-1.59038e+12 -1.67359e+12 -27356.9
-1.99322e+12 -1.29086e+12 -27361
-2.30395e+12 -8.11164e+11 -27363.8
-2.49924e+12 -2.56668e+11 -27365.2
-2.56107e+12 3.44843e+11 -27365.4
-2.47814e+12 9.61251e+11 -27364.2
-2.24684e+12 1.55771e+12 -27361.8
-1.87198e+12 2.09852e+12 -27358
-1.36696e+12 2.54912e+12 -27352.8
-7.53465e+11 2.87818e+12 -27346.4
-6.07611e+10 3.0596e+12 -27338.7
6.75623e+11 3.07429e+12 -27329.6
1.41556e+12 2.91176e+12 -27319.2
2.1164e+12 2.57113e+12 -27307.5
2.73527e+12 2.06182e+12 -27294.5
3.23158e+12 1.40354e+12 -27280.2
3.56946e+12 6.25798e+11 -27264.6
3.72016e+12 -2.33286e+11 -27247.6
3.6641e+12 -1.12866e+12 -27229.3
3.39255e+12 -2.01057e+12 -27209.8
2.90872e+12 -2.82714e+12 -27188.9
2.22836e+12 -3.52728e+12 -27166.7
1.37946e+12 -4.06368e+12 -27143.2
4.01449e+11 -4.39579e+12 -27118.4
-6.56523e+11 -4.49252e+12 -27092.3
-1.7378e+12 -4.33461e+12 -27064.8
-2.7811e+12 -3.91646e+12 -27036.1
-3.72378e+12 -3.2472e+12 -27006.1
-4.50541e+12 -2.35104e+12 -26974.8
-5.07137e+12 -1.26673e+12 -26942.1
-5.37637e+12 -4.61839e+10 -26908.2
-5.38761e+12 1.2478e+12 -26873
-5.08742e+12 2.54452e+12 -26836.5
-4.47513e+12 3.76903e+12 -26798.7
-3.5681e+12 4.84619e+12 -26759.6
-2.4018e+12 5.70508e+12 -26719.2
-1.02876e+12 6.28329e+12 -26677.5
4.8348e+11 6.53104e+12 -26634.6
2.05539e+12 6.41483e+12 -26590.3
3.59936e+12 5.9203e+12 -26544.8
5.02435e+12 5.05415e+12 -26498
6.2409e+12 3.84501e+12 -26449.9
7.16647e+12 2.34303e+12 -26400.6
7.73056e+12 6.18262e+11 -26350
7.87955e+12 -1.24232e+12 -26298.1
7.58074e+12 -3.1388e+12 -26244.9
6.82548e+12 -4.96342e+12 -26190.5
5.63104e+12 -6.60629e+12 -26134.8
4.04117e+12 -7.96173e+12 -26077.9
2.12504e+12 -8.93456e+12 -26019.7
-2.52843e+10 -9.44623e+12 -25960.3
-2.29881e+12 -9.44037e+12 -25899.6
-4.57098e+12 -8.88732e+12 -25837.6
-6.71009e+12 -7.78739e+12 -25774.4
-8.58452e+12 -6.17259e+12 -25710
-1.00704e+13 -4.10661e+12 -25644.3
-1.1059e+13 -1.68297e+12 -25577.4
-1.14643e+13 9.78664e+11 -25509.3
-1.1229e+13 3.73792e+12 -25439.9
-1.03297e+13 6.44062e+12 -25369.4
-8.77978e+12 8.92692e+12 -25297.6
-6.63145e+12 1.10403e+13 -25224.5
-3.97444e+12 1.26366e+13 -25150.3
-9.33156e+11 1.35935e+13 -25074.8
2.3385e+12 1.38184e+13 -24998.2
5.66437e+12 1.32559e+13 -24920.3
8.85494e+12 1.18929e+13 -24841.2
1.17175e+13 9.76197e+12 -24761
1.40673e+13 6.94202e+12 -24679.5
1.57385e+13 3.55646e+12 -24596.9
1.65948e+13 -2.31401e+11 -24513.1
1.65395e+13 -4.22546e+12 -24428.1
1.5523e+13 -8.2063e+12 -24341.9
1.35482e+13 -1.19426e+13 -24254.5
1.06742e+13 -1.52037e+13 -24166
7.01525e+12 -1.77731e+13 -24076.3
2.73778e+12 -1.9462e+13 -23985.5
-1.94627e+12 -2.01214e+13 -23893.5
-6.78913e+12 -1.96534e+13 -23800.3
-1.15195e+13 -1.80199e+13 -23706
-1.58568e+13 -1.52478e+13 -23610.6
-1.9527e+13 -1.14317e+13 -23514
-2.22789e+13 -6.73224e+12 -23416.3
-2.38997e+13 -1.37031e+12 -23317.5
-2.42301e+13 4.38185e+12 -23217.5
-2.31761e+13 1.02137e+13 -23116.4
-2.07184e+13 1.5792e+13 -23014.2
-1.69181e+13 2.07788e+13 -22910.9
-1.19174e+13 2.48512e+13 -22806.5
-5.93653e+12 2.77201e+13 -22701
7.35012e+11 2.91496e+13 -22594.4
7.75076e+12 2.89734e+13 -22486.8
1.47243e+13 2.71086e+13 -22378
2.12491e+13 2.35654e+13 -22268.1
2.69214e+13 1.84517e+13 -22157.2
3.1363e+13 1.19727e+13 -22045.3
3.42454e+13 4.42456e+12 -21932.2
3.53111e+13 -3.81753e+12 -21818.1
3.43931e+13 -1.23163e+13 -21703
3.14297e+13 -2.05944e+13 -21586.8
2.64738e+13 -2.81594e+13 -21469.5
1.9697e+13 -3.45318e+13 -21351.3
1.13864e+13 -3.92733e+13 -21232
1.93432e+12 -4.20147e+13 -21111.6
-8.17775e+12 -4.24813e+13 -20990.3
-1.84024e+13 -4.05141e+13 -20868
-2.81537e+13 -3.60859e+13 -20744.6
-3.68396e+13 -2.93108e+13 -20620.3
-4.3895e+13 -2.04449e+13 -20494.9
-4.88168e+13 -9.88072e+12 -20368.6
-5.1196e+13 1.86828e+12 -20241.3
-5.07476e+13 1.41902e+13 -20113
-4.73335e+13 2.64045e+13 -19983.7
-4.09796e+13 3.77974e+13 -19853.5
-3.18835e+13 4.76613e+13 -19722.3
-2.04131e+13 5.53362e+13 -19590.2
-7.09529e+12 6.02506e+13 -19457.2
7.40567e+12 6.19597e+13 -19323.2
2.23183e+13 6.01788e+13 -19188.2
3.68027e+13 5.48087e+13 -19052.4
4.9995e+13 4.59523e+13 -18915.6
6.1056e+13 3.39206e+13 -18777.9
6.92215e+13 1.92264e+13 -18639.3
7.38506e+13 2.56661e+12 -18499.8
7.44701e+13 -1.52077e+13 -18359.4
7.08117e+13 -3.31316e+13 -18218.2
6.28393e+13 -5.01754e+13 -18076
5.07646e+13 -6.53008e+13 -17933
3.50492e+13 -7.75204e+13 -17789.2
1.63924e+13 -8.59579e+13 -17644.4
-4.29562e+12 -8.99053e+13 -17498.8
-2.59342e+13 -8.88736e+13 -17352.4
-4.73249e+13 -8.26339e+13 -17205.2
-6.72144e+13 -7.12457e+13 -17057.1
-8.43635e+13 -5.50702e+13 -16908.2
-9.76198e+13 -3.47669e+13 -16758.4
-1.0599e+14 -1.12725e+13 -16607.9
-1.08706e+14 1.42369e+13 -16456.6
-1.05282e+14 4.04005e+13 -16304.5
-9.55605e+13 6.57407e+13 -16151.6
-7.97403e+13 8.87418e+13 -15997.9
-5.83838e+13 1.07936e+14 -15843.4
-3.24072e+13 1.2199e+14 -15688.2
-3.04725e+12 1.29793e+14 -15532.2
2.81913e+13 1.3053e+14 -15375.5
5.96079e+13 1.23748e+14 -15218
8.9393e+13 1.09404e+14 -15059.8
1.15727e+14 8.78916e+13 -14900.9
1.36883e+14 6.00406e+13 -14741.3
1.51337e+14 2.7097e+13 -14580.9
1.57862e+14 -9.32624e+12 -14419.9
1.55622e+14 -4.73209e+13 -14258.1
1.44236e+14 -8.47771e+13 -14095.7
1.23835e+14 -1.19494e+14 -13932.6
9.50786e+13 -1.49302e+14 -13768.8
5.91469e+13 -1.72189e+14 -13604.4
1.77058e+13 -1.86428e+14 -13439.3
-2.71634e+13 -1.90694e+14 -13273.5
-7.30604e+13 -1.84161e+14 -13107.1
-1.17386e+14 -1.66581e+14 -12940.1
-1.57482e+14 -1.38333e+14 -12772.5
-1.9078e+14 -1.00433e+14 -12604.2
-2.14957e+14 -5.45189e+13 -12435.4
-2.28083e+14 -2.78432e+12 -12265.9
-2.28759e+14 5.21108e+13 -12095.9
-2.16223e+14 1.0717e+14 -11925.2
-1.90434e+14 1.59213e+14 -11754
-1.52119e+14 2.05051e+14 -11582.2
-1.02771e+14 2.41668e+14 -11409.9
-4.46089e+13 2.66409e+14 -11237
1.95093e+13 2.77151e+14 -11063.6
8.62147e+13 2.72463e+14 -10889.7
1.51793e+14 2.51719e+14 -10715.2
2.12381e+14 2.15191e+14 -10540.2
2.64178e+14 1.64081e+14 -10364.7
3.03676e+14 1.00502e+14 -10188.7
3.27872e+14 2.74158e+13 -10012.2
3.34478e+14 -5.14959e+13 -9835.21
3.22092e+14 -1.31999e+14 -9657.76
2.9033e+14 -2.09524e+14 -9479.84
2.39909e+14 -2.79406e+14 -9301.47
1.72667e+14 -3.37154e+14 -9122.65
9.1525e+13 -3.7872e+14 -8943.4
3.76809e+11 -4.00757e+14 -8763.71
-9.60775e+13 -4.00857e+14 -8583.6
-1.92558e+14 -3.77743e+14 -8403.07
-2.83478e+14 -3.31407e+14 -8222.15
-3.63248e+14 -2.63187e+14 -8040.82
-4.26601e+14 -1.75767e+14 -7859.11
-4.68915e+14 -7.30966e+13 -7677.02
-4.86519e+14 3.97604e+13 -7494.56
-4.76961e+14 1.56857e+14 -7311.74
-4.39221e+14 2.71656e+14 -7128.57
-3.73849e+14 3.77374e+14 -6945.05
-2.83031e+14 4.67362e+14 -6761.2
-1.70553e+14 5.35493e+14 -6577.03
-4.16747e+13 5.76555e+14 -6392.53
9.70898e+13 5.86599e+14 -6207.73
2.38275e+14 5.63245e+14 -6022.63
3.73843e+14 5.05911e+14 -5837.24
4.95615e+14 4.15946e+14 -5651.57
5.95737e+14 2.96672e+14 -5465.63
6.67154e+14 1.53297e+14 -5279.42
7.04066e+14 -7.2707e+12 -5092.96
7.02333e+14 -1.76726e+14 -4906.26
6.59815e+14 -3.45768e+14 -4719.32
5.76612e+14 -5.04581e+14 -4532.15
4.55183e+14 -6.43372e+14 -4344.76
3.00347e+14 -7.52941e+14 -4157.16
1.19136e+14 -8.25247e+14 -3969.37
-7.94821e+13 -8.5394e+14 -3781.38
-2.85011e+14 -8.34831e+14 -3593.21
-4.85945e+14 -7.66255e+14 -3404.87
-6.70379e+14 -6.49316e+14 -3216.36
-8.26673e+14 -4.87984e+14 -3027.7
-9.44141e+14 -2.89032e+14 -2838.89
-1.01373e+15 -6.18025e+13 -2649.95
-1.02863e+15 1.82181e+14 -2460.87
-9.84805e+14 4.29755e+14 -2271.68
-8.81395e+14 6.66789e+14 -2082.38
-7.20933e+14 8.7894e+14 -1892.98
-5.09407e+14 1.05248e+15 -1703.49
-2.56109e+14 1.1751e+15 -1513.92
2.67098e+13 1.23677e+15 -1324.27
3.24378e+14 1.23037e+15 -1134.56
6.20513e+14 1.15233e+15 -944.798
8.97872e+14 1.00302e+15 -754.988
1.1393e+15 7.8694e+14 -565.142
1.32873e+15 5.12752e+14 -375.268
1.45217e+15 1.92965e+14 -185.377
1.49865e+15 -1.56539e+14 4.52415
1.46101e+15 -5.17238e+14 194.425
1.33655e+15 -8.68886e+14 384.316
1.12746e+15 -1.19059e+15 574.188
8.40937e+14 -1.46198e+15 764.033
4.89089e+14 -1.66441e+15 953.841
8.85099e+13 -1.78216e+15 1143.6
-3.4042e+14 -1.80351e+15 1333.31
-7.74497e+14 -1.72162e+15 1522.95
-1.18888e+15 -1.53525e+15 1712.52
-1.55841e+15 -1.24915e+15 1902.01
-1.85909e+15 -8.74103e+14 2091.41
-2.06952e+15 -4.26677e+14 2280.7
-2.17226e+15 7.14053e+13 2469.89
-2.15513e+15 5.94228e+14 2658.95
-2.01216e+15 1.11294e+15 2847.89
-1.74435e+15 1.59725e+15 3036.69
-1.35996e+15 2.01712e+15 3225.35
-8.74511e+14 2.34449e+15 3413.84
-3.10261e+14 2.55502e+15 3602.18
3.04675e+14 2.62976e+15 3790.34
9.37614e+14 2.55649e+15 3978.32
1.55293e+15 2.33089e+15 4166.11
2.11397e+15 1.95718e+15 4353.69
2.58508e+15 1.44844e+15 4541.07
2.93375e+15 8.26295e+14 4728.23
3.13269e+15 1.20219e+14 4915.16
3.1617e+15 -6.33755e+14 5101.85
3.00925e+15 -1.39473e+15 5288.3
2.67363e+15 -2.11903e+15 5474.5
2.16369e+15 -2.76257e+15 5660.43
1.49884e+15 -3.2834e+15 5846.08
7.08631e+14 -3.64422e+15 6031.46
-1.68445e+14 -3.81486e+15 6216.54
-1.08661e+15 -3.77441e+15 6401.33
-1.99506e+15 -3.51298e+15 6585.81
-2.84062e+15 -3.03289e+15 6769.97
-3.57064e+15 -2.34928e+15 6953.8
-4.13615e+15 -1.48995e+15 7137.3
-4.49486e+15 -4.94498e+14 7320.46
-4.61398e+15 5.87314e+14 7503.26
-4.47274e+15 1.69782e+15 7685.71
-4.06421e+15 2.77436e+15 7867.78
-3.39657e+15 3.75261e+15 8049.47
-2.49348e+15 4.57019e+15 8230.78
-1.39358e+15 5.17043e+15 8411.69
-1.49195e+14 5.50596e+15 8592.19
1.17598e+15 5.542e+15 8772.28
2.50986e+15 5.2591e+15 8951.95
3.77568e+15 4.65515e+15 9131.18
4.89618e+15 3.74653e+15 9309.98
5.79801e+15 2.56821e+15 9488.33
6.41627e+15 1.1728e+15 9666.22
6.69869e+15 -3.71439e+14 9843.65
6.60946e+15 -1.98369e+15 10020.6
6.13218e+15 -3.57451e+15 10197.1
5.27201e+15 -5.05049e+15 10373
4.05659e+15 -6.31948e+15 10548.5
2.53571e+15 -7.29597e+15 10723.5
7.79771e+14 -7.90644e+15 10898
-1.12314e+15 -8.09431e+15 11071.9
-3.07131e+15 -7.82419e+15 11245.3
-4.95451e+15 -7.08517e+15 11418.1
-6.65989e+15 -5.89289e+15 11590.4
-8.07835e+15 -4.29013e+15 11762.2
-9.1111e+15 -2.34593e+15 11933.4
-9.67594e+15 -1.53122e+14 12104
-9.71302e+15 2.17568e+15 12274
-9.18961e+15 4.51347e+15 12443.4
-8.10353e+15 6.72534e+15 12612.3
-6.48507e+15 8.67586e+15 12780.5
-4.39711e+15 1.02369e+16 12948.1
-1.9334e+15 1.12954e+16 13115.1
