-39566.3 8349.81 1895.31
-19570.5 103602 1906.72
229727 150958 1908.95
593601 -401582 1901.99
-371505 -1.83123e+06 1885.86
-4.77981e+06 -941494 1860.66
-7.05732e+06 1.05603e+07 1826.49
1.83423e+07 2.75713e+07 1783.53
8.47453e+07 -1.65085e+07 1731.98
4.52167e+07 -2.20514e+08 1672.09
-4.85407e+08 -3.29872e+08 1604.15
-1.28052e+09 8.37614e+08 1528.48
7.32373e+08 3.92158e+09 1445.45
1.01726e+10 2.16835e+09 1355.46
1.54159e+10 -2.23099e+10 1258.95
-3.82426e+10 -5.94667e+10 1156.37
-1.8146e+11 3.24324e+10 1048.22
-1.03838e+11 4.69248e+11 935.023
1.0253e+12 7.20297e+11 817.325
2.76138e+12 -1.74566e+12 695.691
-1.43344e+12 -8.39598e+12 570.707
-2.16444e+13 -4.96619e+12 442.974
-3.36492e+13 4.71156e+13 313.108
7.96678e+13 1.28216e+14 181.735
3.88451e+14 -6.322e+13 49.486
2.37228e+14 -9.98297e+14 -83.001
-2.16491e+15 -1.57166e+15 -215.088
-5.95281e+15 3.63506e+15 -346.14
2.78172e+15 1.79711e+16 -475.525
4.60412e+16 1.13193e+16 -602.619
7.33954e+16 -9.94657e+16 -726.812
-1.65822e+17 -2.76354e+17 -847.505
-8.31351e+17 1.22082e+17 -964.116
-5.39526e+17 2.12328e+18 -1076.08
4.56948e+18 3.42692e+18 -1182.87
1.28284e+19 -7.56268e+18 -1283.96
-5.34256e+18 -3.84564e+19 -1378.87
-9.79125e+19 -2.56905e+19 -1467.14
-1.5998e+20 2.09904e+20 -1548.34
3.44831e+20 5.95451e+20 -1622.08
1.7788e+21 -2.33056e+20 -1688.02
1.22216e+21 -4.51483e+21 -1745.82
-9.64121e+21 -7.46721e+21 -1795.22
-2.76365e+22 1.57193e+22 -1835.98
1.01302e+22 8.22729e+22 -1867.89
2.08169e+23 5.80897e+22 -1890.81
3.48481e+23 -4.42794e+23 -1904.62
-7.16397e+23 -1.28259e+24 -1909.26
-3.80506e+24 4.38551e+23 -1904.7
-2.75872e+24 9.59764e+24 -1890.98
2.03343e+25 1.62604e+25 -1868.14
5.9519e+25 -3.2641e+25 -1836.31
-1.88982e+25 -1.7597e+26 -1795.64
-4.42469e+26 -1.3091e+26 -1746.32
-7.5861e+26 9.33712e+26 -1688.59
1.48683e+27 2.76179e+27 -1622.73
8.13749e+27 -8.10059e+26 -1549.06
6.20743e+27 -2.03973e+28 -1467.92
-4.287e+28 -3.53866e+28 -1379.72
-1.28142e+29 6.7708e+28 -1284.87
3.45094e+28 3.76283e+29 -1183.84
9.40233e+29 2.94132e+29 -1077.1
1.65042e+30 -1.96812e+30 -965.178
-3.08248e+30 -5.94509e+30 -848.607
-1.73986e+31 1.45951e+30 -727.949
-1.39277e+31 4.3338e+31 -603.786
9.03448e+31 7.69637e+31 -476.716
2.75799e+32 -1.40293e+32 -347.349
-6.11949e+31 -8.04425e+32 -216.311
-1.99744e+33 -6.59078e+32 -84.2299
-3.58852e+33 4.14677e+33 48.2563
6.3833e+33 1.27936e+34 180.51
3.71904e+34 -2.53892e+33 311.895
3.11693e+34 -9.20551e+34 441.777
-1.90314e+35 -1.67295e+35 569.533
-5.9342e+35 2.90351e+35 694.545
1.03968e+35 1.7193e+36 816.213
4.24223e+36 1.47321e+36 933.95
7.79816e+36 -8.73346e+36 1047.19
-1.32028e+37 -2.75232e+37 1155.39
-7.94774e+37 4.18704e+36 1258.02
-6.95915e+37 1.95484e+38 1354.6
4.00732e+38 3.63448e+38 1444.65
1.27644e+39 -6.0016e+38 1527.74
-1.64949e+38 -3.67376e+39 1603.48
-9.00736e+39 -3.28561e+39 1671.5
-1.69369e+40 1.83854e+40 1731.46
2.72725e+40 5.91935e+40 1783.09
1.69805e+41 -6.30348e+39 1826.13
1.55043e+41 -4.15007e+41 1860.38
-8.43424e+41 -7.89165e+41 1885.67
-2.74482e+42 1.23889e+42 1901.88
2.30333e+41 7.84812e+42 1908.93
1.91198e+43 7.31266e+42 1906.79
3.6766e+43 -3.86873e+43 1895.46
-5.62582e+43 -1.27269e+44 1875.01
-3.62705e+44 7.82696e+42 1845.53
-3.44741e+44 8.80806e+44 1807.16
1.77436e+45 1.71265e+45 1760.09
5.90065e+45 -2.55375e+45 1704.54
