-45237.2 -6479.79 -2369.4
-64807.7 97122.2 -462.675
164919 248080 1446.28
758520 -153503 3348.26
387015 -1.98473e+06 5234.13
-4.3928e+06 -2.92622e+06 7094.78
-1.14501e+07 7.63409e+06 8921.28
6.89216e+06 3.52054e+07 10704.8
9.16374e+07 1.86969e+07 12436.8
1.36854e+08 -2.01817e+08 14108.9
-3.48553e+08 -5.31689e+08 15713
-1.62907e+09 3.05925e+08 17241.5
-8.96696e+08 4.22751e+09 18687
9.27592e+09 6.39585e+09 20042.4
2.46918e+10 -1.59141e+10 21301.4
-1.35507e+10 -7.53808e+10 22457.7
-1.9501e+11 -4.29484e+10 23505.9
-2.98848e+11 4.263e+11 24441
7.26452e+11 1.1466e+12 25258.3
3.48783e+12 -5.99069e+11 25954
2.05439e+12 -8.99505e+12 26524.7
-1.959e+13 -1.39612e+13 26967.7
-5.32391e+13 3.31544e+13 27280.8
2.64287e+13 1.6137e+14 27462.5
4.14879e+14 9.81504e+13 27512
6.52108e+14 -9.00147e+14 27429
-1.5128e+15 -2.47181e+15 27213.9
-7.46561e+15 1.16325e+15 26867.8
-4.68388e+15 1.91343e+16 26392.2
4.13574e+16 3.04536e+16 25789.6
1.14753e+17 -6.90121e+16 25062.8
-5.10694e+16 -3.45366e+17 24215.3
-8.82421e+17 -2.23284e+17 23251.2
-1.42195e+18 1.89999e+18 22175.1
3.14754e+18 5.32692e+18 20992.2
1.5976e+19 -2.23576e+18 19708.3
1.06334e+19 -4.06922e+19 18329.4
-8.72791e+19 -6.63827e+19 16862.3
-2.47259e+20 1.43521e+20 15313.9
9.75719e+19 7.38972e+20 13691.8
1.87637e+21 5.05916e+20 12003.8
3.09853e+21 -4.00892e+21 10258
-6.54269e+21 -1.14761e+22 8462.77
-3.41792e+22 4.2432e+21 6626.8
-2.4049e+22 8.65161e+22 4758.91
1.8412e+23 1.44606e+23 2868.1
5.32602e+23 -2.98188e+23 963.486
-1.83795e+23 -1.58077e+24 -945.771
-3.98885e+24 -1.14222e+24 -2850.47
-6.74757e+24 8.45541e+24 -4741.45
1.35867e+25 2.47159e+25 -6609.59
7.31057e+25 -7.92513e+24 -8445.91
5.42075e+25 -1.83895e+26 -10241.5
-3.88262e+26 -3.14805e+26 -11987.9
-1.14687e+27 6.18907e+26 -13676.5
3.39954e+26 3.38069e+27 -15299.2
8.47744e+27 2.57063e+27 -16848.3
1.46849e+28 -1.78267e+28 -18316.2
-2.81852e+28 -5.32133e+28 -19695.9
-1.56327e+29 1.44947e+28 -20980.8
-1.21818e+29 3.90778e+29 -22164.6
8.18415e+29 6.84911e+29 -23241.7
2.46883e+30 -1.28321e+30 -24206.9
-6.13645e+29 -7.22829e+30 -25055.5
-1.80122e+31 -5.76878e+30 -25783.4
-3.19399e+31 3.75692e+31 -26387.2
5.84048e+31 1.14533e+32 -26863.9
3.34204e+32 -2.57603e+31 -27211.3
2.73009e+32 -8.30185e+32 -27427.6
-1.72443e+33 -1.48926e+33 -27511.8
-5.31295e+33 2.65751e+33 -27463.6
1.07035e+33 1.54511e+34 -27283.1
3.82608e+34 1.29122e+34 -26971.2
6.94301e+34 -7.91429e+34 -26529.4
-1.20884e+35 -2.46438e+35 -25959.9
-7.14304e+35 4.39125e+34 -25265.3
-6.10336e+35 1.76321e+36 -24449.1
3.63189e+36 3.23641e+36 -23515.2
1.14301e+37 -5.49704e+36 -22468
-1.77272e+36 -3.30202e+37 -21312.6
-8.12501e+37 -2.88332e+37 -20054.6
-1.50842e+38 1.66651e+38 -18700
2.4989e+38 5.30098e+38 -17255.3
1.52633e+39 -7.00621e+37 -15727.6
1.36139e+39 -3.74382e+39 -14124.1
-7.64598e+39 -7.02943e+39 -12452.6
-2.45829e+40 1.1356e+40 -10721.1
2.68963e+39 7.05495e+40 -8938.04
1.72495e+41 6.4246e+40 -7111.91
3.27538e+41 -3.50761e+41 -5251.53
-5.15886e+41 -1.13993e+42 -3365.86
-3.26071e+42 9.89642e+40 -1463.98
-3.03037e+42 7.94708e+42 444.952
1.60894e+43 1.52597e+43 2351.74
5.28554e+43 -2.34276e+43 4247.2
-3.40283e+42 -1.50697e+44 6122.21
-3.66108e+44 -1.4287e+44 7967.74
-7.10849e+44 7.37937e+44 9774.89
1.06351e+45 2.45059e+45 11535
6.96416e+45 -1.03164e+44 13239.5
