-11866.7 -10664 1876.83
-14436 -7810.54 1878.79
-16318.7 -4338.64 1880.67
-17365.7 -413.546 1882.45
-17468.1 3763.65 1884.14
-16565.1 7965.58 1885.74
-14650.8 11950.3 1887.25
-11777.4 15474.4 1888.67
-8055.71 18306.9 1890
-3652.22 20243.8 1891.24
1217.55 21121 1892.38
6298.55 20826.1 1893.44
11308.7 19308.2 1894.4
15953.6 16584.5 1895.27
19943.2 12742.8 1896.06
23008.2 7940.82 1896.75
24917.5 2401.02 1897.34
25493.5 -3598.45 1897.85
24625.6 -9736.71 1898.27
22280.3 -15666.2 1898.59
18507.9 -21031.4 1898.83
13444 -25488.8 1898.97
7307.28 -28727.5 1899.02
390.866 -30489.3 1898.98
-6949.74 -30586.5 1898.84
-14313.9 -28916.9 1898.62
-21276.4 -25474.9 1898.3
-27410.7 -20357.1 1897.9
-32313.4 -13762.7 1897.4
-35629 -5988.26 1896.81
-37073.6 2584.42 1896.13
-36454.9 11505 1895.36
-33689.2 20276.9 1894.49
-28812.2 28383.3 1893.54
-21984 35316.1 1892.49
-13487.1 40605.7 1891.35
-3716.82 43850.4 1890.12
6834.58 44743.6 1888.81
17601.2 43097.4 1887.4
27971.9 38859.8 1885.89
37322.9 32126.1 1884.3
45053.5 23141.6 1882.62
50621.9 12296.3 1880.85
53580.1 110.484 1878.98
53605.6 -12787.6 1877.03
50526.7 -25692.1 1874.98
44341.9 -37855.8 1872.85
35229.3 -48531.3 1870.62
23547.2 -57013.9 1868.31
9823.2 -62685 1865.9
-5266.06 -65053.1 1863.41
-20925.6 -63789.6 1860.82
-36281.5 -58757.1 1858.15
-50426.5 -50028.7 1855.38
-62471.1 -37895.6 1852.53
-71595.8 -22863.3 1849.59
-77102.7 -5634.51 1846.56
-78463.1 12920.1 1843.44
-75357.8 31802.6 1840.23
-67707.8 49938.1 1836.93
-55692.8 66232.9 1833.54
-39755.6 79636.3 1830.07
-20592.1 89204.3 1826.5
874.668 94160.2 1822.85
23534.7 93949.5 1819.11
46144.7 88285.1 1815.29
67391.8 77178.7 1811.37
85966.4 60958.3 1807.37
100638 40267 1803.29
110329 16044.1 1799.11
114191 -10511.9 1794.85
111661 -37998 1790.5
102516 -64875.9 1786.07
86901.5 -89553.4 1781.55
65347.4 -110473 1776.94
38757.7 -126206 1772.25
8380.85 -135540 1767.47
-24243.2 -137563 1762.61
-57354.9 -131733 1757.67
-89064.4 -117935 1752.63
-117454 -96503.9 1747.52
-140685 -68239.9 1742.32
-157115 -34383.6 1737.04
-165397 3427.75 1731.67
-164578 43233.3 1726.22
-154179 82842.8 1720.68
-134247 119950 1715.07
-105383 152262 1709.37
-68741.6 177626 1703.58
-25994.5 194173 1697.72
20736.1 200432 1691.78
68974.2 195443 1685.75
116013 178845 1679.64
159058 150925 1673.45
195384 112644 1667.18
222497 65619.5 1660.83
238293 12068 1654.4
241201 -45286.6 1647.89
230305 -103343 1641.3
205436 -158777 1634.64
167224 -208228 1627.89
117109 -248483 1621.06
57304.2 -276677 1614.16
-9287.55 -290478 1607.18
-79202.5 -288252 1600.12
-148583 -269199 1592.99
-213380 -233446 1585.77
-269574 -182098 1578.49
-313410 -117223 1571.12
-341634 -41796.9 1563.68
-351704 40424.3 1556.17
-341986 125071 1548.57
-311894 207381 1540.91
-261991 282451 1533.17
-194020 345511 1525.36
-110869 392214 1517.47
-16476.2 418905 1509.51
84343.2 422878 1501.48
186121 402586 1493.38
283018 357798 1485.2
369137 289687 1476.95
438866 200848 1468.63
487214 95223.9 1460.24
510142 -22039.1 1451.78
504847 -144823 1443.25
470001 -266336 1434.65
405908 -379465 1425.98
314586 -477170 1417.25
199745 -552899 1408.44
66675.6 -600989 1399.57
-77971.6 -617054 1390.63
-226489 -598305 1381.62
-370497 -543810 1372.55
-501393 -454654 1363.41
-610833 -333992 1354.2
-691236 -186987 1344.93
-736259 -20626.5 1335.59
-741244 156574 1326.19
-703580 334978 1316.73
-622977 504322 1307.2
-501614 654270 1297.61
-344158 775012 1287.96
-157639 857860 1278.24
48825 895819 1268.46
264430 884087 1258.63
477216 820463 1248.73
674695 705624 1238.77
844538 543253 1228.75
975306 339999 1218.68
1.05716e+06 105268 1208.54
1.08252e+06 -149169 1198.35
1.04664e+06 -409716 1188.09
948051 -661634 1177.78
788829 -889829 1167.42
574681 -1.07971e+06 1157
314828 -1.21805e+06 1146.52
21671.9 -1.29386e+06 1135.99
-289736 -1.29911e+06 1125.4
-602415 -1.22941e+06 1114.76
-898326 -1.08445e+06 1104.06
-1.15936e+06 -868267 1093.31
-1.36836e+06 -589256 1082.51
-1.51022e+06 -259935 1071.66
-1.57282e+06 103536 1060.75
-1.54794e+06 482083 1049.8
-1.43195e+06 854651 1038.79
-1.22629e+06 1.19931e+06 1027.73
-937672 1.49448e+06 1016.63
-578004 1.7202e+06 1005.47
-164003 1.85935e+06 994.269
283499 1.89886e+06 983.017
740523 1.83067e+06 971.719
1.18115e+06 1.65249e+06 960.373
1.57889e+06 1.36825e+06 948.981
1.90824e+06 988268 937.544
2.14614e+06 529013 926.061
2.27351e+06 12490 914.534
2.27657e+06 -534702 902.963
2.14793e+06 -1.08264e+06 891.348
1.88741e+06 -1.59964e+06 879.69
1.50245e+06 -2.05394e+06 867.99
1.00814e+06 -2.4156e+06 856.248
426775 -2.6583e+06 844.465
-213019 -2.76108e+06 832.641
-877565 -2.70988e+06 820.778
-1.5298e+06 -2.49874e+06 808.874
-2.13124e+06 -2.13061e+06 796.932
-2.64409e+06 -1.61771e+06 784.951
-3.03351e+06 -981373 772.933
-3.26978e+06 -251293 760.877
-3.33034e+06 535672 748.785
-3.2015e+06 1.33723e+06 736.656
-2.87974e+06 2.1078e+06 724.492
-2.3725e+06 2.80094e+06 712.293
-1.69843e+06 3.37202e+06 700.06
-886892 3.78088e+06 687.793
23068.4 3.99443e+06 675.494
984447 3.98897e+06 663.161
1.94454e+06 3.75213e+06 650.797
2.84764e+06 3.2842e+06 638.401
3.63815e+06 2.59891e+06 625.974
4.26374e+06 1.72334e+06 613.518
4.67862e+06 697175 601.032
4.84652e+06 -428862 588.517
4.74342e+06 -1.59534e+06 575.973
4.35956e+06 -2.73703e+06 563.402
3.70092e+06 -3.78636e+06 550.804
2.7897e+06 -4.67719e+06 538.179
1.66406e+06 -5.34873e+06 525.528
376762 -5.74937e+06 512.852
-1.00699e+06 -5.84019e+06 500.151
-2.41264e+06 -5.59797e+06 487.426
-3.76002e+06 -5.01743e+06 474.678
-4.96771e+06 -4.11259e+06 461.907
-5.95765e+06 -2.91706e+06 449.113
-6.65988e+06 -1.48324e+06 436.298
-7.01703e+06 119621 423.462
-6.98841e+06 1.80848e+06 410.606
-6.55331e+06 3.4905e+06 397.73
-5.71338e+06 5.06783e+06 384.834
-4.49379e+06 6.44305e+06 371.92
-2.94319e+06 7.52477e+06 358.989
-1.13219e+06 8.23332e+06 346.039
849376 8.50601e+06 333.074
2.89662e+06 8.30179e+06 320.092
4.89477e+06 7.60482e+06 307.095
6.72522e+06 6.42693e+06 294.083
8.27221e+06 4.80845e+06 281.056
9.42971e+06 2.81761e+06 268.017
1.01081e+07 548126 254.964
1.02402e+07 -1.88468e+06 241.899
9.78688e+06 -4.34935e+06 228.823
8.74031e+06 -6.70497e+06 215.735
7.12676e+06 -8.80876e+06 202.637
5.00684e+06 -1.05242e+07 189.529
2.47397e+06 -1.17295e+07 176.413
-349041 -1.23253e+07 163.287
-3.3155e+06 -1.22416e+07 150.154
-6.26189e+06 -1.14439e+07 137.014
-9.01636e+06 -9.93704e+06 123.867
-1.14082e+07 -7.76722e+06 110.714
-1.32779e+07 -5.02168e+06 97.5553
-1.44869e+07 -1.82606e+06 84.3922
-1.49267e+07 1.6606e+06 71.2252
-1.45274e+07 5.25321e+06 58.0546
-1.32634e+07 8.74979e+06 44.8813
-1.11578e+07 1.19422e+07 31.7059
-8.28384e+06 1.4628e+07 18.5289
-4.76337e+06 1.66221e+07 5.35097
-762869 1.7769e+07 -7.82717
3.51375e+06 1.7953e+07 -21.0049
7.83477e+06 1.71077e+07 -34.1817
1.19525e+07 1.52225e+07 -47.3568
1.56165e+07 1.23461e+07 -60.5297
1.85883e+07 8.58782e+06 -73.6996
2.06557e+07 4.11418e+06 -86.8659
2.16464e+07 -857144 -100.028
2.14406e+07 -6.06703e+06 -113.185
1.99809e+07 -1.12275e+07 -126.337
1.72791e+07 -1.60368e+07 -139.483
1.34198e+07 -2.01959e+07 -152.622
8.55937e+06 -2.34263e+07 -165.754
2.92132e+06 -2.5487e+07 -178.878
-3.21283e+06 -2.61907e+07 -191.993
-9.51649e+06 -2.5418e+07 -205.099
-1.56343e+07 -2.31282e+07 -218.195
-2.12012e+07 -1.93659e+07 -231.281
-2.58627e+07 -1.42636e+07 -244.355
-2.92964e+07 -8.03934e+06 -257.418
-3.1232e+07 -988473 -270.468
-3.14706e+07 6.52843e+06 -283.505
-2.99001e+07 1.41029e+07 -296.529
-2.65065e+07 2.12997e+07 -309.538
-2.13808e+07 2.76798e+07 -322.532
-1.47193e+07 3.28264e+07 -335.511
-6.81901e+06 3.63698e+07 -348.474
1.93433e+06 3.80119e+07 -361.42
1.10831e+07 3.75473e+07 -374.348
2.01202e+07 3.48807e+07 -387.259
2.85158e+07 3.0039e+07 -400.151
3.57463e+07 2.31765e+07 -413.023
4.13253e+07 1.45736e+07 -425.876
4.48339e+07 4.62776e+06 -438.708
4.59487e+07 -6.16276e+06 -451.519
4.44666e+07 -1.72219e+07 -464.308
4.03227e+07 -2.79245e+07 -477.075
3.36028e+07 -3.76301e+07 -489.819
2.45468e+07 -4.57185e+07 -502.54
1.35438e+07 -5.16276e+07 -515.236
1.11837e+06 -5.48885e+07 -527.907
-1.20922e+07 -5.5159e+07 -540.553
-2.53682e+07 -5.225e+07 -553.173
-3.79444e+07 -4.61456e+07 -565.766
-4.90516e+07 -3.70143e+07 -578.332
-5.79614e+07 -2.52094e+07 -590.87
-6.40302e+07 -1.12598e+07 -603.38
-6.67418e+07 4.15072e+06 -615.861
-6.57444e+07 2.02143e+07 -628.312
-6.08808e+07 3.60381e+07 -640.733
-5.22086e+07 5.06918e+07 -653.122
-4.00093e+07 6.32586e+07 -665.481
-2.47852e+07 7.28896e+07 -677.807
-7.24268e+06 7.88567e+07 -690.101
1.17364e+07 8.06018e+07 -702.362
3.11359e+07 7.7779e+07 -714.588
4.98566e+07 7.0287e+07 -726.78
6.67745e+07 5.82892e+07 -738.938
8.08052e+07 4.22193e+07 -751.059
9.09685e+07 2.27721e+07 -763.145
9.64515e+07 878319 -775.194
9.66652e+07 -2.23356e+07 -787.205
9.12917e+07 -4.56016e+07 -799.179
8.03185e+07 -6.75748e+07 -811.114
6.40565e+07 -8.69076e+07 -823.01
4.31411e+07 -1.02327e+08 -834.866
1.85141e+07 -1.12713e+08 -846.682
-8.61316e+06 -1.17171e+08 -858.458
-3.68142e+07 -1.15101e+08 -870.192
-6.45176e+07 -1.06243e+08 -881.884
-9.00899e+07 -9.07178e+07 -893.534
-1.11926e+08 -6.90371e+07 -905.14
-1.28545e+08 -4.21003e+07 -916.703
-1.3868e+08 -1.11632e+07 -928.222
-1.41371e+08 2.22142e+07 -939.696
-1.36027e+08 5.62399e+07 -951.125
-1.22495e+08 8.89804e+07 -962.509
-1.01082e+08 1.18465e+08 -973.845
-7.25723e+07 1.42796e+08 -985.135
-3.82058e+07 1.60266e+08 -996.378
366144 1.69465e+08 -1007.57
4.11531e+07 1.69381e+08 -1018.72
8.19209e+07 1.59481e+08 -1029.82
1.20307e+08 1.39768e+08 -1040.86
1.53949e+08 1.10816e+08 -1051.86
1.80624e+08 7.37658e+07 -1062.81
1.98382e+08 3.02949e+07 -1073.7
2.05678e+08 -1.74511e+07 -1084.55
2.01483e+08 -6.69543e+07 -1095.34
1.85373e+08 -1.15449e+08 -1106.08
1.57592e+08 -1.60067e+08 -1116.76
1.1907e+08 -1.98001e+08 -1127.39
7.14183e+07 -2.26663e+08 -1137.97
1.68666e+07 -2.43858e+08 -1148.49
-4.18247e+07 -2.47923e+08 -1158.96
-1.01496e+08 -2.37863e+08 -1169.37
-1.58747e+08 -2.1344e+08 -1179.73
-2.10122e+08 -1.75238e+08 -1190.02
-2.52303e+08 -1.2467e+08 -1200.27
-2.82315e+08 -6.39485e+07 -1210.45
-2.97713e+08 3.99771e+06 -1220.57
-2.96758e+08 7.56515e+07 -1230.64
-2.78557e+08 1.47077e+08 -1240.65
-2.43165e+08 2.14124e+08 -1250.59
-1.91636e+08 2.72654e+08 -1260.48
-1.26018e+08 3.18784e+08 -1270.31
-4.92959e+07 3.49122e+08 -1280.07
3.47297e+07 3.60995e+08 -1289.78
1.21615e+08 3.52645e+08 -1299.42
2.06492e+08 3.23383e+08 -1309
2.84329e+08 2.73692e+08 -1318.51
3.50208e+08 2.05266e+08 -1327.96
3.9962e+08 1.20983e+08 -1337.35
4.28748e+08 2.48047e+07 -1346.67
4.34728e+08 -7.8386e+07 -1355.93
4.15873e+08 -1.83019e+08 -1365.13
3.71834e+08 -2.83115e+08 -1374.26
3.03703e+08 -3.72615e+08 -1383.32
2.14029e+08 -4.4572e+08 -1392.31
1.06758e+08 -4.97243e+08 -1401.24
-1.29163e+07 -5.22949e+08 -1410.1
-1.3878e+08 -5.19853e+08 -1418.89
-2.63902e+08 -4.86464e+08 -1427.62
-3.80991e+08 -4.2296e+08 -1436.27
-4.82798e+08 -3.31273e+08 -1444.86
-5.62541e+08 -2.15081e+08 -1453.38
-6.1432e+08 -7.96934e+07 -1461.82
-6.33515e+08 6.81595e+07 -1470.2
-6.17126e+08 2.20636e+08 -1478.51
-5.64038e+08 3.69171e+08 -1486.74
-4.75199e+08 5.04933e+08 -1494.9
-3.53683e+08 6.19317e+08 -1502.99
-2.04635e+08 7.04456e+08 -1511.01
-3.50906e+07 7.53725e+08 -1518.96
1.46315e+08 7.62188e+08 -1526.83
3.29763e+08 7.26992e+08 -1534.63
5.04743e+08 6.47642e+08 -1542.36
6.6063e+08 5.26175e+08 -1550.01
7.87286e+08 3.67187e+08 -1557.58
8.7568e+08 1.77712e+08 -1565.08
9.18473e+08 -3.30429e+07 -1572.51
9.10542e+08 -2.54102e+08 -1579.86
8.49407e+08 -4.73258e+08 -1587.13
7.35523e+08 -6.77705e+08 -1594.33
5.72431e+08 -8.54747e+08 -1601.45
3.66723e+08 -9.92541e+08 -1608.5
1.27847e+08 -1.08083e+09 -1615.46
-1.32284e+08 -1.11162e+09 -1622.35
-3.99833e+08 -1.07981e+09 -1629.16
-6.59733e+08 -9.83607e+08 -1635.89
-8.96483e+08 -8.24846e+08 -1642.55
-1.09503e+09 -6.09099e+08 -1649.12
-1.24165e+09 -3.45562e+08 -1655.62
-1.32485e+09 -4.67285e+07 -1662.03
-1.33613e+09 2.72137e+08 -1668.37
-1.27067e+09 5.93724e+08 -1674.62
-1.1278e+09 8.99563e+08 -1680.79
-9.11319e+08 1.17102e+09 -1686.89
-6.29499e+08 1.39039e+09 -1692.9
-2.94874e+08 1.54193e+09 -1698.83
7.6231e+07 1.61294e+09 -1704.68
4.64436e+08 1.59463e+09 -1710.44
8.48243e+08 1.48289e+09 -1716.13
1.20517e+09 1.27877e+09 -1721.73
1.51297e+09 9.88739e+08 -1727.25
1.75098e+09 6.24621e+08 -1732.68
1.90135e+09 2.0321e+08 -1738.03
1.95031e+09 -2.54403e+08 -1743.3
1.88912e+09 -7.2381e+08 -1748.49
1.71496e+09 -1.1785e+09 -1753.59
1.43136e+09 -1.59129e+09 -1758.6
1.0484e+09 -1.93583e+09 -1763.53
5.82513e+08 -2.1882e+09 -1768.38
5.58691e+07 -2.32846e+09 -1773.14
-5.04543e+08 -2.34196e+09 -1777.81
-1.06822e+09 -2.22058e+09 -1782.4
-1.6027e+09 -1.96354e+09 -1786.91
-2.07532e+09 -1.57785e+09 -1791.33
-2.45513e+09 -1.07839e+09 -1795.66
-2.71473e+09 -4.8752e+08 -1799.9
-2.83213e+09 1.65851e+08 -1804.06
-2.79229e+09 8.47495e+08 -1808.13
-2.58838e+09 1.51956e+09 -1812.12
-2.22271e+09 2.14257e+09 -1816.01
-1.70709e+09 2.67759e+09 -1819.82
-1.06269e+09 3.08851e+09 -1823.55
-3.19368e+08 3.34436e+09 -1827.18
4.85545e+08 3.4213e+09 -1830.73
1.309e+09 3.30452e+09 -1834.18
2.10436e+09 2.98955e+09 -1837.55
2.82394e+09 2.48315e+09 -1840.84
3.42165e+09 1.80354e+09 -1844.03
3.85581e+09 9.80057e+08 -1847.13
4.09179e+09 5.20621e+07 -1850.15
4.10442e+09 -9.3275e+08 -1853.07
3.88002e+09 -1.92062e+09 -1855.91
3.41786e+09 -2.85452e+09 -1858.66
2.73091e+09 -3.6772e+09 -1861.31
1.84595e+09 -4.33456e+09 -1863.88
8.0275e+08 -4.77895e+09 -1866.36
-3.47431e+08 -4.97227e+09 -1868.75
-1.54417e+09 -4.88877e+09 -1871.05
-2.72084e+09 -4.51724e+09 -1873.26
-3.80811e+09 -3.86249e+09 -1875.37
-4.73783e+09 -2.94605e+09 -1877.4
-5.447e+09 -1.80582e+09 -1879.34
-5.88176e+09 -4.94874e+08 -1881.19
-6.00101e+09 9.20738e+08 -1882.94
-5.77955e+09 2.36509e+09 -1884.61
-5.21046e+09 3.75617e+09 -1886.18
-4.30655e+09 5.01031e+09 -1887.67
-3.10077e+09 6.04693e+09 -1889.06
-1.64546e+09 6.79337e+09 -1890.36
-1.04699e+07 7.18957e+09 -1891.57
1.71992e+09 7.19226e+09 -1892.69
3.451e+09 6.77848e+09 -1893.72
5.08253e+09 5.94806e+09 -1894.66
6.51423e+09 4.72494e+09 -1895.51
7.65159e+09 3.1572e+09 -1896.26
8.41165e+09 1.31569e+09 -1896.93
8.72851e+09 -7.08796e+08 -1897.5
8.55813e+09 -2.8096e+09 -1897.98
7.88212e+09 -4.86944e+09 -1898.37
6.71033e+09 -6.76663e+09 -1898.67
5.0819e+09 -8.38184e+09 -1898.87
3.06468e+09 -9.60515e+09 -1898.99
7.5298e+08 -1.0343e+10 -1899.01
-1.73636e+09 -1.05245e+10 -1898.95
-4.26943e+09 -1.01068e+10 -1898.79
-6.70205e+09 -9.07949e+09 -1898.54
-8.88746e+09 -7.46666e+09 -1898.2
-1.06848e+10 -5.3278e+09 -1897.76
-1.19673e+10 -2.75631e+09 -1897.24
-1.2631e+10 1.23918e+08 -1896.62
-1.26015e+10 3.16395e+09 -1895.92
-1.18403e+10 6.19696e+09 -1895.12
-1.03491e+10 9.04683e+09 -1894.23
-8.17192e+09 1.15379e+10 -1893.25
-5.39518e+09 1.3505e+10 -1892.17
-2.14493e+09 1.48038e+10 -1891.01
1.418e+09 1.53204e+10 -1889.76
5.10536e+09 1.49795e+10 -1888.41
8.71075e+09 1.37511e+10 -1886.97
1.20206e+10 1.16549e+10 -1885.45
1.4826e+10 8.76208e+09 -1883.83
1.69352e+10 5.19396e+09 -1882.12
1.81857e+10 1.11812e+09 -1880.32
1.84552e+10 -3.25879e+09 -1878.43
1.76714e+10 -7.70069e+09 -1876.45
1.58184e+10 -1.1954e+10 -1874.38
1.29417e+10 -1.57615e+10 -1872.22
9.14849e+09 -1.88767e+10 -1869.97
4.60546e+09 -2.1079e+10 -1867.63
-4.67723e+08 -2.21879e+10 -1865.2
-5.80794e+09 -2.20759e+10 -1862.68
-1.11213e+10 -2.06786e+10 -1860.06
-1.60985e+10 -1.80024e+10 -1857.36
-2.04317e+10 -1.41282e+10 -1854.57
-2.38326e+10 -9.21105e+09 -1851.7
-2.60501e+10 -3.47523e+09 -1848.73
-2.68871e+10 2.79443e+09 -1845.67
-2.62152e+10 9.26571e+09 -1842.52
-2.39858e+10 1.55754e+10 -1839.29
-2.02377e+10 2.13487e+10 -1835.97
-1.50999e+10 2.622e+10 -1832.55
-8.78965e+09 2.98549e+10 -1829.05
-1.60436e+09 3.19711e+10 -1825.47
6.09042e+09 3.2358e+10 -1821.79
1.38785e+10 3.0893e+10 -1818.03
2.13142e+10 2.75534e+10 -1814.18
2.79463e+10 2.24242e+10 -1810.24
3.3344e+10 1.56986e+10 -1806.21
3.71232e+10 7.67373e+09 -1802.1
3.8971e+10 -1.2609e+09 -1797.9
3.86684e+10 -1.06405e+10 -1793.61
3.61084e+10 -1.99475e+10 -1789.24
3.13083e+10 -2.86385e+10 -1784.78
2.44163e+10 -3.61745e+10 -1780.24
1.57104e+10 -4.20519e+10 -1775.61
5.58972e+09 -4.58341e+10 -1770.89
-5.44153e+09 -4.71806e+10 -1766.09
-1.67971e+10 -4.5872e+10 -1761.2
-2.7838e+10 -4.18304e+10 -1756.23
-3.79064e+10 -3.51314e+10 -1751.18
-4.63628e+10 -2.60089e+10 -1746.04
-5.26237e+10 -1.48509e+10 -1740.81
-5.61993e+10 -2.18574e+09 -1735.51
-5.67267e+10 1.13403e+10 -1730.11
-5.39987e+10 2.49936e+10 -1724.64
-4.79845e+10 3.79906e+10 -1719.08
-3.88421e+10 4.95405e+10 -1713.44
-2.69196e+10 5.88902e+10 -1707.72
-1.27466e+10 6.53706e+10 -1701.91
2.98658e+09 6.84401e+10 -1696.03
1.94588e+10 6.77229e+10 -1690.06
3.57589e+10 6.30412e+10 -1684.01
5.09325e+10 5.44362e+10 -1677.87
6.40355e+10 4.21791e+10 -1671.66
7.41887e+10 2.6768e+10 -1665.37
8.0633e+10 8.91288e+09 -1659
8.27801e+10 -1.04937e+10 -1652.54
8.02565e+10 -3.04175e+10 -1646.01
7.29375e+10 -4.97344e+10 -1639.4
6.09692e+10 -6.72902e+10 -1632.71
4.47752e+10 -8.19659e+10 -1625.94
2.50487e+10 -9.27444e+10 -1619.09
2.72752e+09 -9.87754e+10 -1612.17
-2.10457e+10 -9.94342e+10 -1605.16
-4.49781e+10 -9.43713e+10 -1598.08
-6.76925e+10 -8.35483e+10 -1590.93
-8.78026e+10 -6.7258e+10 -1583.69
-1.03992e+11 -4.61273e+10 -1576.38
-1.15097e+11 -2.10994e+10 -1569
-1.20178e+11 6.6016e+09 -1561.53
-1.18592e+11 3.55262e+10 -1554
-1.10044e+11 6.40698e+10 -1546.39
-9.46265e+10 9.05568e+10 -1538.7
-7.28336e+10 1.13334e+11 -1530.94
-4.55581e+10 1.30866e+11 -1523.11
-1.40623e+10 1.41834e+11 -1515.2
2.00741e+10 1.45222e+11 -1507.22
5.50267e+10 1.40394e+11 -1499.16
8.88182e+10 1.27154e+11 -1491.04
1.19424e+11 1.0578e+11 -1482.84
1.44886e+11 7.70396e+10 -1474.57
1.63431e+11 4.21703e+10 -1466.23
1.73585e+11 2.83658e+09 -1457.82
1.74272e+11 -3.89418e+10 -1449.34
1.64903e+11 -8.08865e+10 -1440.79
1.45439e+11 -1.20577e+11 -1432.18
1.16422e+11 -1.55585e+11 -1423.49
7.89789e+10 -1.83609e+11 -1414.73
3.47897e+10 -2.02622e+11 -1405.91
-1.39767e+10 -2.11e+11 -1397.01
-6.47606e+10 -2.07641e+11 -1388.05
-1.14737e+11 -1.9206e+11 -1379.03
-1.60965e+11 -1.64449e+11 -1369.93
-2.00549e+11 -1.25712e+11 -1360.77
-2.3081e+11 -7.7447e+10 -1351.55
-2.49456e+11 -2.18974e+10 -1342.26
-2.54732e+11 3.81412e+10 -1332.9
-2.45558e+11 9.94511e+10 -1323.49
-2.21628e+11 1.58555e+11 -1314
-1.83473e+11 2.119e+11 -1304.46
-1.32477e+11 2.56063e+11 -1294.85
-7.08506e+10 2.87954e+11 -1285.18
-1.54739e+09 3.05013e+11 -1275.45
7.18633e+10 3.05393e+11 -1265.65
1.45367e+11 2.88104e+11 -1255.8
2.14712e+11 2.53124e+11 -1245.88
2.75639e+11 2.01453e+11 -1235.91
3.24132e+11 1.35117e+11 -1225.87
3.5666e+11 5.71085e+10 -1215.78
3.70413e+11 -2.87311e+10 -1205.62
3.63507e+11 -1.17883e+11 -1195.41
3.35144e+11 -2.05375e+11 -1185.15
2.85722e+11 -2.86042e+11 -1174.82
2.16884e+11 -3.54817e+11 -1164.44
1.31492e+11 -4.07025e+11 -1154
3.3532e+10 -4.38682e+11 -1143.51
-7.20494e+10 -4.46763e+11 -1132.96
-1.79578e+11 -4.29433e+11 -1122.35
-2.82939e+11 -3.86223e+11 -1111.7
-3.75902e+11 -3.18134e+11 -1100.99
-4.5248e+11 -2.2767e+11 -1090.22
-5.07286e+11 -1.18772e+11 -1079.41
-5.35885e+11 3.31902e+09 -1068.54
-5.35099e+11 1.32296e+11 -1057.62
-5.0327e+11 2.61087e+11 -1046.65
-4.40444e+11 3.82221e+11 -1035.63
-3.48462e+11 4.88236e+11 -1024.56
-2.30961e+11 5.72116e+11 -1013.44
-9.32696e+10 6.27717e+11 -1002.27
5.78074e+10 6.50181e+11 -991.049
2.14295e+11 6.36283e+11 -979.784
3.67441e+11 5.84722e+11 -968.472
5.08181e+11 4.963e+11 -957.113
6.27643e+11 3.74003e+11 -945.708
7.17673e+11 2.22951e+11 -934.258
7.7135e+11 5.02264e+10 -922.762
7.83457e+11 -1.35421e+11 -911.222
7.50883e+11 -3.23987e+11 -899.638
6.72924e+11 -5.04718e+11 -888.011
5.51464e+11 -6.6669e+11 -876.341
3.91018e+11 -7.99432e+11 -864.629
1.9862e+11 -8.93562e+11 -852.876
-1.64384e+10 -9.41387e+11 -841.081
-2.43012e+11 -9.37454e+11 -829.246
-4.68645e+11 -8.78988e+11 -817.37
-6.80211e+11 -7.66216e+11 -805.456
-8.64641e+11 -6.0252e+11 -793.502
-1.00968e+12 -3.94433e+11 -781.511
-1.10463e+12 -1.51433e+11 -769.481
-1.14111e+12 1.14427e+11 -757.415
-1.11359e+12 3.89072e+11 -745.312
-1.01998e+12 6.57102e+11 -733.174
-8.61852e+11 9.02606e+11 -721
-6.44633e+11 1.11006e+12 -708.791
-3.77479e+11 1.26524e+12 -696.548
-7.29704e+10 1.35612e+12 -684.272
2.53419e+11 1.37371e+12 -671.963
5.84051e+11 1.31275e+12 -659.621
9.00019e+11 1.17222e+12 -647.247
1.18217e+12 9.55627e+11 -634.843
1.4122e+12 6.71125e+11 -622.408
1.57376e+12 3.31252e+11 -609.943
1.65352e+12 -4.75133e+10 -597.448
1.64213e+12 -4.45485e+11 -584.925
1.53495e+12 -8.40724e+11 -572.373
1.33264e+12 -1.21018e+12 -559.794
1.04141e+12 -1.53095e+12 -547.188
6.72962e+11 -1.78163e+12 -534.556
2.44175e+11 -1.94364e+12 -521.898
-2.23615e+11 -2.00246e+12 -509.215
-7.05572e+11 -1.94868e+12 -496.507
-1.1746e+12 -1.77891e+12 -483.775
-1.60278e+12 -1.49625e+12 -471.02
-1.96293e+12 -1.11053e+12 -458.243
-2.23027e+12 -6.38118e+11 -445.443
-2.3839e+12 -1.01353e+11 -432.622
-2.40835e+12 4.72403e+11 -419.78
-2.29471e+12 1.05206e+12 -406.918
-2.04156e+12 1.60438e+12 -394.036
-1.65547e+12 2.09578e+12 -381.135
-1.15109e+12 2.49427e+12 -368.216
-5.50799e+11 2.77137e+12 -355.279
1.16203e+11 2.904e+12 -342.325
8.15143e+11 2.87611e+12 -329.355
1.50738e+12 2.67999e+12 -316.369
2.15244e+12 2.31725e+12 -303.367
2.71021e+12 1.79926e+12 -290.351
3.14332e+12 1.14701e+12 -277.321
3.41946e+12 3.90499e+11 -264.277
3.51353e+12 -4.32489e+11 -251.221
3.40952e+12 -1.27814e+12 -238.153
3.10198e+12 -2.09877e+12 -225.073
2.59692e+12 -2.84541e+12 -211.982
1.91215e+12 -3.47051e+12 -198.882
1.07691e+12 -3.93081e+12 -185.771
1.30871e+11 -4.19009e+12 -172.652
-8.776e+11 -4.22169e+12 -159.524
-1.8937e+12 -4.01057e+12 -146.389
-2.85901e+12 -3.55489e+12 -133.247
-3.71467e+12 -2.86687e+12 -120.098
-4.40476e+12 -1.97289e+12 -106.943
-4.87971e+12 -9.12798e+11 -93.7834
-5.09952e+12 2.6163e+11 -80.6192
-5.03667e+12 1.48899e+12 -67.4511
-4.67842e+12 2.70125e+12 -54.2797
-4.02839e+12 3.82732e+12 -41.1057
-3.10733e+12 4.79697e+12 -27.9297
-1.95287e+12 5.54496e+12 -14.7524
-6.18351e+11 6.01511e+12 -1.57436
8.29354e+11 6.16408e+12 11.6037
2.31295e+12 5.96462e+12 24.7813
3.74857e+12 5.40808e+12 37.9576
5.05028e+12 4.50601e+12 51.1322
6.13491e+12 3.29061e+12 64.3042
6.92704e+12 1.81414e+12 77.4732
7.36384e+12 1.46977e+11 90.6384
7.39939e+12 -1.62535e+12 103.799
7.00838e+12 -3.40628e+12 116.955
6.18872e+12 -5.09314e+12 130.105
4.96305e+12 -6.58277e+12 143.249
3.37883e+12 -7.77743e+12 156.386
1.50703e+12 -8.59084e+12 169.516
-5.60578e+11 -8.95376e+12 182.637
-2.71559e+12 -8.81905e+12 195.75
-4.83823e+12 -8.16568e+12 208.853
-6.80366e+12 -7.00141e+12 221.946
-8.48893e+12 -5.36407e+12 235.029
-9.78016e+12 -3.32108e+12 248.1
-1.05797e+13 -9.67268e+11 261.159
-1.08128e+13 1.57904e+12 274.205
-1.0433e+13 4.1815e+12 287.239
-9.42683e+12 6.69262e+12 300.258
-7.81628e+12 8.96163e+12 313.263
-5.65958e+12 1.08431e+13 326.253
-3.05e+12 1.22055e+13 339.228
-1.12451e+11 1.29399e+13 352.186
3.00192e+12 1.29672e+13 365.127
6.12295e+12 1.2245e+13 378.05
9.07024e+12 1.07717e+13 390.955
1.1663e+13 8.58889e+12 403.842
1.37304e+13 5.78205e+12 416.709
1.51224e+13 2.47754e+12 429.555
1.57191e+13 -1.16207e+12 442.382
1.54397e+13 -4.94537e+12 455.186
1.42499e+13 -8.66153e+12 467.969
1.21655e+13 -1.20914e+13 480.73
9.25568e+12 -1.50197e+13 493.467
5.64095e+12 -1.72477e+13 506.181
1.4899e+12 -1.86058e+13 518.87
-2.98812e+12 -1.89648e+13 531.534
-7.55266e+12 -1.82461e+13 544.172
-1.19443e+13 -1.64288e+13 556.785
-1.58987e+13 -1.35544e+13 569.37
-1.91614e+13 -9.72823e+12 581.928
-2.15032e+13 -5.1167e+12 594.458
-2.27352e+13 5.85789e+10 606.96
-2.27217e+13 5.53051e+12 619.432
-2.13911e+13 1.09993e+13 631.874
-1.87443e+13 1.6148e+13 644.286
-1.48583e+13 2.06598e+13 656.667
-9.88624e+12 2.42364e+13 669.017
-4.05325e+12 2.66164e+13 681.334
2.35269e+12 2.75926e+13 693.618
8.99374e+12 2.7027e+13 705.869
1.54988e+13 2.4863e+13 718.086
2.14832e+13 2.11334e+13 730.268
2.65701e+13 1.59633e+13 742.415
3.04128e+13 9.56874e+12 754.527
3.27166e+13 2.2492e+12 766.602
3.32587e+13 -5.62499e+12 778.64
3.19057e+13 -1.36298e+13 790.641
2.8626e+13 -2.13092e+13 802.603
2.3498e+13 -2.81995e+13 814.527
1.67115e+13 -3.38557e+13 826.412
8.56349e+12 -3.78786e+13 838.257
-5.52939e+11 -3.99406e+13 850.061
-1.01659e+13 -3.98085e+13 861.825
-1.97472e+13 -3.73627e+13 873.547
-2.87402e+13 -3.26108e+13 885.227
-3.65896e+13 -2.56944e+13 896.864
-4.27747e+13 -1.68886e+13 908.458
-4.68405e+13 -6.59399e+12 920.009
-4.84286e+13 4.67943e+12 931.515
-4.73035e+13 1.63354e+13 942.976
-4.33731e+13 2.77208e+13 954.392
-3.67023e+13 3.81605e+13 965.762
-2.75187e+13 4.6995e+13 977.086
-1.62086e+13 5.36193e+13 988.362
-3.30384e+12 5.75217e+13 999.591
1.05404e+13 5.83182e+13 1010.77
2.45767e+13 5.57828e+13 1021.9
3.80031e+13 4.9869e+13 1032.99
5.00065e+13 4.07235e+13 1044.02
5.98091e+13 2.86889e+13 1055
6.67154e+13 1.42947e+13 1065.93
7.01575e+13 -1.76201e+12 1076.81
6.97351e+13 -1.86476e+13 1087.64
6.52487e+13 -3.54319e+13 1098.42
5.67225e+13 -5.11368e+13 1109.14
4.44162e+13 -6.47901e+13 1119.81
2.88236e+13 -7.54817e+13 1130.43
1.06573e+13 -8.24208e+13 1140.99
-9.17953e+12 -8.49878e+13 1151.5
-2.96347e+13 -8.27805e+13 1161.95
-4.9559e+13 -7.565e+13 1172.34
-6.77677e+13 -6.3724e+13 1182.68
-8.31064e+13 -4.74151e+13 1192.97
-9.45203e+13 -2.74142e+13 1203.19
-1.01121e+14 -4.66565e+12 1213.36
-1.02246e+14 1.9672e+13 1223.46
-9.75138e+13 4.42811e+13 1233.51
-8.68586e+13 6.77518e+13 1243.5
-7.05541e+13 8.86586e+13 1253.43
-4.92174e+13 1.05642e+14 1263.3
-2.37927e+13 1.1749e+14 1273.11
4.48425e+12 1.23219e+14 1282.86
3.41408e+13 1.22143e+14 1292.54
6.35391e+13 1.13929e+14 1302.17
9.09611e+13 9.8639e+13 1311.73
1.14704e+14 7.67488e+13 1321.23
1.33178e+14 4.91437e+13 1330.66
1.4501e+14 1.70915e+13 1340.03
1.49127e+14 -1.78091e+13 1349.34
1.44844e+14 -5.37014e+13 1358.58
1.31923e+14 -8.85638e+13 1367.75
1.1061e+14 -1.20317e+14 1376.86
8.16549e+13 -1.46942e+14 1385.9
4.62909e+13 -1.66598e+14 1394.88
6.19511e+12 -1.77743e+14 1403.79
-3.65841e+13 -1.79239e+14 1412.63
-7.97242e+13 -1.70438e+14 1421.4
-1.20747e+14 -1.51254e+14 1430.11
-1.57154e+14 -1.22196e+14 1438.74
-1.86568e+14 -8.43751e+13 1447.31
-2.0688e+14 -3.94739e+13 1455.81
-2.16385e+14 1.03171e+13 1464.23
-2.13908e+14 6.2397e+13 1472.59
-1.98895e+14 1.13882e+14 1480.87
-1.71491e+14 1.61755e+14 1489.09
-1.32564e+14 2.03033e+14 1497.23
-8.37006e+13 2.34943e+14 1505.3
-2.71563e+13 2.55094e+14 1513.3
3.42392e+13 2.61636e+14 1521.22
9.72108e+13 2.53402e+14 1529.07
1.58202e+14 2.30011e+14 1536.85
2.13565e+14 1.91941e+14 1544.56
2.59767e+14 1.40544e+14 1552.19
2.93599e+14 7.80271e+13 1559.74
3.12386e+14 7.3654e+12 1567.22
3.14166e+14 -6.78196e+13 1574.62
2.97851e+14 -1.43435e+14 1581.95
2.63336e+14 -2.15125e+14 1589.21
2.11566e+14 -2.7851e+14 1596.38
1.44539e+14 -3.29437e+14 1603.48
6.52536e+13 -3.64232e+14 1610.5
-2.24084e+13 -3.79946e+14 1617.45
-1.13855e+14 -3.74562e+14 1624.31
-2.04007e+14 -3.47169e+14 1631.1
-2.87569e+14 -2.98076e+14 1637.81
-3.59317e+14 -2.28871e+14 1644.44
-4.1441e+14 -1.42396e+14 1650.99
-4.48692e+14 -4.26594e+13 1657.46
-4.5897e+14 6.5331e+13 1663.85
-4.43258e+14 1.75798e+14 1670.17
-4.00957e+14 2.82485e+14 1676.4
-3.32978e+14 3.78995e+14 1682.55
-2.4177e+14 4.59145e+14 1688.62
-1.31268e+14 5.17346e+14 1694.61
-6.75625e+12 5.48952e+14 1700.51
1.25366e+14 5.50591e+14 1706.34
2.57885e+14 5.20431e+14 1712.08
3.83149e+14 4.58376e+14 1717.74
4.9348e+14 3.6617e+14 1723.32
5.81622e+14 2.47408e+14 1728.81
6.41182e+14 1.07429e+14 1734.22
6.67054e+14 -4.68883e+13 1739.55
6.55785e+14 -2.07436e+14 1744.8
6.05875e+14 -3.65276e+14 1749.96
5.17975e+14 -5.11107e+14 1755.03
3.94974e+14 -6.35786e+14 1760.02
2.41962e+14 -7.30863e+14 1764.93
6.60634e+13 -7.89117e+14 1769.75
-1.2386e+14 -8.05036e+14 1774.49
-3.17619e+14 -7.75244e+14 1779.14
-5.04213e+14 -6.98818e+14 1783.7
-6.72417e+14 -5.77481e+14 1788.18
-8.11422e+14 -4.15657e+14 1792.58
-9.11482e+14 -2.20374e+14 1796.88
-9.64544e+14 -1.00344e+12 1801.1
-9.64808e+14 2.31143e+14 1805.24
-9.092e+14 4.63359e+14 1809.28
-7.977e+14 6.82197e+14 1813.24
-6.33528e+14 8.74204e+14 1817.11
-4.23139e+14 1.0267e+15 1820.9
-1.76042e+14 1.12857e+15 1824.6
9.55782e+13 1.17097e+15 1828.21
3.77409e+14 1.14799e+15 1831.73
6.53717e+14 1.05718e+15 1835.16
9.08176e+14 8.99872e+14 1838.5
1.12478e+15 6.81313e+14 1841.76
1.28879e+15 4.10617e+14 1844.93
1.38764e+15 1.00442e+14 1848.01
1.41185e+15 -2.33535e+14 1850.99
1.35568e+15 -5.73346e+14 1853.9
1.21772e+15 -8.99645e+14 1856.71
1.00122e+15 -1.19275e+15 1859.43
7.14174e+14 -1.43375e+15 1862.06
3.69116e+14 -1.60567e+15 1864.6
-1.73295e+13 -1.69455e+15 1867.05
-4.25175e+14 -1.69042e+15 1869.42
-8.32036e+14 -1.58813e+15 1871.69
-1.21429e+15 -1.38791e+15 1873.87
-1.54836e+15 -1.09569e+15 1875.96
-1.81211e+15 -7.23057e+14 1877.97
-1.98618e+15 -2.86935e+14 1879.88
-2.05529e+15 1.91092e+14 1881.7
-2.00934e+15 6.85764e+14 1883.43
-1.84434e+15 1.16939e+15 1885.07
-1.56294e+15 1.61332e+15 1886.62
-1.17468e+15 1.98952e+15 1888.08
-6.9587e+14 2.27229e+15 1889.44
-1.48991e+14 2.43983e+15 1890.72
4.38225e+14 2.47575e+15 1891.9
1.0341e+15 2.37034e+15 1893
1.60462e+15 2.12151e+15 1894
2.11526e+15 1.73536e+15 1894.91
2.53298e+15 1.2263e+15 1895.73
2.82819e+15 6.16687e+14 1896.46
2.97668e+15 -6.39873e+13 1897.1
2.96135e+15 -7.80417e+14 1897.65
2.77359e+15 -1.49317e+15 1898.1
2.41428e+15 -2.16076e+15 1898.46
1.89428e+15 -2.74188e+15 1898.74
1.23441e+15 -3.19786e+15 1898.92
4.64779e+14 -3.49504e+15 1899.01
-3.76398e+14 -3.60699e+15 1899
-1.24454e+15 -3.51648e+15 1898.91
-2.09092e+15 -3.21703e+15 1898.73
-2.86524e+15 -2.71387e+15 1898.45
-3.51849e+15 -2.02432e+15 1898.08
-4.00579e+15 -1.17754e+15 1897.62
-4.28929e+15 -2.13455e+14 1897.07
-4.34077e+15 8.18889e+14 1896.43
-4.14379e+15 1.86365e+15 1895.7
-3.69534e+15 2.86102e+15 1894.87
-3.00684e+15 3.75049e+15 1893.96
-2.10424e+15 4.47426e+15 1892.95
-1.02743e+15 4.98082e+15 1891.85
1.71335e+14 5.22822e+15 1890.66
1.42967e+15 5.18711e+15 1889.38
2.67814e+15 4.84314e+15 1888.01
3.84386e+15 4.19868e+15 1886.55
4.85449e+15 3.27364e+15 1884.99
5.64251e+15 2.10534e+15 1883.35
6.14936e+15 7.47352e+14 1881.61
6.32938e+15 -7.32661e+14 1879.79
6.1532e+15 -2.25604e+15 1877.87
5.61036e+15 -3.73705e+15 1875.87
4.71106e+15 -5.08744e+15 1873.77
3.48673e+15 -6.22142e+15 1871.58
1.98944e+15 -7.06076e+15 1869.31
2.90099e+14 -7.53975e+15 1866.94
-1.52456e+15 -7.60975e+15 1864.48
-3.35612e+15 -7.243e+15 1861.94
-5.09945e+15 -6.43542e+15 1859.3
-6.64845e+15 -5.20824e+15 1856.57
-7.90213e+15 -3.60822e+15 1853.76
-8.77075e+15 -1.70641e+15 1850.85
-9.18166e+15 4.04494e+14 1847.86
-9.08453e+15 2.61435e+15 1844.78
-8.45553e+15 4.80088e+15 1841.61
-7.30025e+15 6.83608e+15 1838.35
-5.65512e+15 8.59327e+15 1835
-3.58702e+15 9.95455e+15 1831.56
-1.19124e+15 1.08181e+16 1828.04
1.41244e+15 1.11051e+16 1824.42
4.08525e+15 1.07654e+16 1820.72
6.67637e+15 9.78243e+15 1816.93
9.03097e+15 8.17579e+15 1813.06
1.09989e+16 6.00241e+15 1809.09
1.24439e+16 3.35532e+15 1805.04
1.32517e+16 3.60409e+14 1800.9
1.33388e+16 -2.82901e+15 1796.68
1.26582e+16 -6.03947e+15 1792.37
1.12049e+16 -9.0862e+15 1787.97
9.01835e+15 -1.17832e+16 1783.49
6.18257e+15 -1.39541e+16 1778.92
2.82425e+15 -1.54424e+16 1774.26
-8.92368e+14 -1.61225e+16 1769.52
-4.77277e+15 -1.59081e+16 1764.7
-8.60166e+15 -1.47598e+16 1759.79
-1.21543e+16 -1.26899e+16 1754.79
-1.52088e+16 -9.76493e+15 1749.71
-1.75594e+16 -6.10471e+15 1744.55
-1.90291e+16 -1.87866e+15 1739.3
-1.94817e+16 2.70122e+15 1733.97
-1.8832e+16 7.39015e+15 1728.55
-1.70538e+16 1.19228e+16 1723.05
-1.41846e+16 1.60276e+16 1717.47
-1.03274e+16 1.9442e+16 1711.81
-5.64839e+15 2.19281e+16 1706.06
-3.70866e+14 2.32881e+16 1700.23
5.2341e+15 2.33779e+16 1694.32
1.08608e+16 2.21187e+16 1688.33
1.61846e+16 1.95052e+16 1682.26
2.08795e+16 1.56104e+16 1676.1
2.46372e+16 1.05855e+16 1669.87
