-9612.72 -18589.2 -3607.93
-14162.7 -18434.4 -3137.13
-18032.3 -15618.8 -2665.34
-19741.3 -10889.2 -2192.71
-18442.2 -5767.78 -1719.37
-14294.7 -2078.88 -1245.48
-8513.51 -1315.44 -771.18
-3035.28 -4060.52 -296.603
111.012 -9679.68 178.102
-465.937 -16424.9 652.794
-4946.21 -21954.9 1127.33
-12106.4 -24126.6 1601.57
-19618.6 -21796.6 2075.36
-24783.2 -15342.1 2548.57
-25473.9 -6682.89 3021.05
-20972.3 1257.26 3492.66
-12376.7 5510.84 3963.27
-2392.34 4143.43 4432.71
5486.81 -2933.42 4900.87
8168.52 -13736.9 5367.58
4131.16 -24719 5832.73
-5857.64 -31895.6 6296.15
-18781.3 -32252.7 6757.72
-30238.5 -24946.2 7217.3
-35902 -11836.1 7674.74
-33103.3 2908.12 8129.91
-21978.4 14085.7 8582.67
-5711.65 17251.7 9032.88
10306.2 10415.8 9480.42
20211.3 -4975.81 9925.14
19754.2 -24208.1 10366.9
8016.94 -40673.7 10805.6
-11903.9 -48082.2 11241.1
-33606 -42786.2 11673.2
-49368.7 -25386.1 12101.8
-52828.1 -955.631 12526.9
-41438.2 22338.9 12948.2
-17797.9 35891.5 13365.6
10758.4 33746.2 13779.1
34338.1 15044.2 14188.4
43827.6 -15129.6 14593.5
34294.7 -46978.6 14994.3
7223.25 -69071.6 15390.6
-29357 -72336.9 15782.2
-63111.8 -53615.2 16169.2
-81446.8 -17428.4 16551.3
-76069.6 24864.4 16928.5
-46461.3 58491.4 17300.6
-878.41 70294.4 17667.5
45738.4 53691.5 18029.2
76509.5 11763.6 18385.4
78564.3 -42858 18736.2
48150.6 -91596 19081.3
-7044.97 -116074 19420.8
-69501.8 -104836 19754.4
-117221 -58240.7 20082.1
-131275 10430.8 20403.7
-103024 78464.4 20719.3
-38338.2 121003 21028.6
43018.3 119883 21331.7
113143 70946.2 21628.3
145306 -12972.1 21918.5
123820 -104950 22202.1
50901.2 -172313 22479
-52256.7 -187941 22749.2
-151227 -140727 23012.6
-209509 -41305.5 23269.1
-201612 79555.6 23518.6
-123495 180058 23761
3717.67 221453 23996.3
138804 182476 24224.4
233361 68928.4 24445.2
248695 -85610.4 24658.7
170934 -229113 24864.8
18678 -308133 25063.4
-160381 -287133 25254.5
-303801 -163307 25438
-355594 28976.9 25613.8
-287309 226811 25782
-111273 358687 25942.4
119632 369656 26095
327003 243080 26239.8
432813 10701.4 26376.7
387888 -253864 26505.7
192836 -457577 26626.7
-96967.4 -519840 26739.7
-385827 -403177 26844.7
-568387 -131388 26941.5
-567012 212709 27030.3
-362971 511291 27111
-9426.66 650798 27183.5
380425 563765 27247.8
668319 258219 27304
738690 -177347 27351.9
543150 -597811 27391.6
125147 -848379 27423.1
-386263 -819982 27446.3
-814495 -493799 27461.2
-994808 42450.4 27467.9
-835578 615326 27466.3
-359325 1.01991e+06 27456.5
293554 1.09117e+06 27438.4
903623 768307 27412
1.2441e+06 127747 27377.4
1.16273e+06 -630307 27334.5
645060 -1.24191e+06 27283.4
-165904 -1.46889e+06 27224.1
-1.00532e+06 -1.18832e+06 27156.5
-1.57028e+06 -449362 27080.9
-1.62623e+06 526636 26997
-1.09956e+06 1.40882e+06 26905
-121269 1.86592e+06 26804.9
999385 1.68693e+06 26696.8
1.86893e+06 870558 26580.6
2.14425e+06 -352349 26456.3
1.6629e+06 -1.57869e+06 26324.1
521154 -2.36194e+06 26184
-933995 -2.37038e+06 26036
-2.20507e+06 -1.51991e+06 25880.1
-2.80967e+06 -30632.6 25716.5
-2.45778e+06 1.62157e+06 25545
-1.17764e+06 2.85169e+06 25365.9
661356 3.16735e+06 25179.1
2.44751e+06 2.35791e+06 24984.7
3.52444e+06 600684 24782.8
3.42558e+06 -1.5631e+06 24573.5
2.06399e+06 -3.3875e+06 24356.7
-196183 -4.17222e+06 24132.5
-2.62532e+06 -3.52262e+06 23901.1
-4.35594e+06 -1.52543e+06 23662.4
-4.68437e+06 1.23249e+06 23416.7
-3.34433e+06 3.82573e+06 23163.8
-649680 5.2921e+06 22904
2.55932e+06 4.97947e+06 22637.2
5.16712e+06 2.81573e+06 22363.6
6.1606e+06 -604203 22083.2
5.00894e+06 -4.16549e+06 21796.2
1.90752e+06 -6.5852e+06 21502.6
-2.2174e+06 -6.86227e+06 21202.5
-5.96976e+06 -4.67168e+06 20896
-7.94327e+06 -553672 20583.2
-7.23282e+06 4.19273e+06 20264.1
-3.81666e+06 7.90369e+06 19939
1.3433e+06 9.11869e+06 19607.8
6.54914e+06 7.13404e+06 19270.6
9.9087e+06 2.33837e+06 18927.7
1.00047e+07 -3.81473e+06 18579
6.46104e+06 -9.22506e+06 18224.7
188317 -1.18435e+07 17864.9
-6.81304e+06 -1.04239e+07 17499.6
-1.2068e+07 -5.06151e+06 17129.1
-1.34791e+07 2.70204e+06 16753.4
-1.01302e+07 1.02888e+07 16372.6
-2.74398e+06 1.49158e+07 15986.9
6.41025e+06 1.45874e+07 15596.3
1.41816e+07 8.90532e+06 15201
1.75938e+07 -619842 14801
1.49475e+07 -1.0919e+07 14396.6
6.57364e+06 -1.83201e+07 13987.9
-5.07529e+06 -1.98233e+07 13574.8
-1.6097e+07 -1.42642e+07 13157.7
-2.24096e+07 -2.92996e+06 12736.5
-2.12206e+07 1.06531e+07 12311.5
-1.21789e+07 2.17706e+07 11882.8
2.24197e+06 2.61135e+07 11450.4
1.73495e+07 2.13912e+07 11014.6
2.77105e+07 8.37641e+06 10575.4
2.90532e+07 -9.05535e+06 10133
1.99454e+07 -2.5014e+07 9687.45
2.61319e+06 -3.35302e+07 9238.99
-1.74876e+07 -3.07227e+07 8787.71
-3.3322e+07 -1.64305e+07 8333.75
-3.86739e+07 5.33933e+06 7877.24
-3.04971e+07 2.74358e+07 7418.33
-1.03568e+07 4.18415e+07 6957.14
1.56592e+07 4.25027e+07 6493.82
3.8685e+07 2.77417e+07 6028.51
5.00178e+07 1.32452e+06 5561.34
4.43053e+07 -2.83413e+07 5092.46
2.18469e+07 -5.07855e+07 4622
-1.09248e+07 -5.70745e+07 4150.12
-4.31462e+07 -4.32276e+07 3676.95
-6.30187e+07 -1.2185e+07 3202.63
-6.20099e+07 2.65396e+07 2727.31
-3.83039e+07 5.96384e+07 2251.12
1.83419e+06 7.44624e+07 1774.22
4.54964e+07 6.36991e+07 1296.74
7.71412e+07 2.85952e+07 818.838
8.3981e+07 -2.06029e+07 340.645
6.09298e+07 -6.74414e+07 -137.691
1.3262e+07 -9.4606e+07 -616.026
-4.42266e+07 -9.01413e+07 -1094.22
-9.16145e+07 -5.2367e+07 -1572.12
-1.10578e+08 8.43515e+06 -2049.58
-9.12347e+07 7.2517e+07 -2526.48
-3.66281e+07 1.16871e+08 -3002.65
3.70308e+07 1.23272e+08 -3477.95
1.04893e+08 8.54186e+07 -3952.25
1.41625e+08 1.24783e+07 -4425.4
1.30587e+08 -7.26393e+07 -4897.26
7.08049e+07 -1.40191e+08 -5367.69
-2.10322e+07 -1.63726e+08 -5836.54
-1.14812e+08 -1.30065e+08 -6303.67
-1.76565e+08 -4.54938e+07 -6768.94
-1.8044e+08 6.44937e+07 -7232.22
-1.18974e+08 1.62476e+08 -7693.36
-7.73241e+06 2.11495e+08 -8152.22
1.17954e+08 1.88569e+08 -8608.66
2.13796e+08 9.45283e+07 -9062.56
2.4175e+08 -4.37938e+07 -9513.76
1.84531e+08 -1.80624e+08 -9962.14
5.40834e+07 -2.65948e+08 -10407.6
-1.09715e+08 -2.63287e+08 -10849.9
-2.50665e+08 -1.64413e+08 -11289
-3.15016e+08 4.70612e+06 -11724.7
-2.71311e+08 1.89789e+08 -12157
-1.24178e+08 3.25063e+08 -12585.6
8.35848e+07 3.56027e+08 -13010.4
2.82609e+08 2.60491e+08 -13431.4
3.99458e+08 6.00425e+07 -13848.4
3.82962e+08 -1.83248e+08 -14261.3
2.25189e+08 -3.85206e+08 -14669.9
-3.11417e+07 -4.67918e+08 -15074.1
-3.0293e+08 -3.88778e+08 -15473.8
-4.92755e+08 -1.597e+08 -15868.9
-5.22877e+08 1.5152e+08 -16259.2
-3.65621e+08 4.40064e+08 -16644.7
-5.86976e+07 5.98418e+08 -17025.2
3.01701e+08 5.55268e+08 -17400.6
5.89842e+08 3.05268e+08 -17770.8
6.93172e+08 -8.21127e+07 -18135.7
5.54717e+08 -4.80079e+08 -18495.1
1.99647e+08 -7.44724e+08 -18849.1
-2.65302e+08 -7.65672e+08 -19197.3
-6.82195e+08 -5.09811e+08 -19539.9
-8.94097e+08 -4.14308e+07 -19876.5
-8.02358e+08 4.91015e+08 -20207.3
-4.08659e+08 9.00208e+08 -20531.9
1.75111e+08 1.02415e+09 -20850.5
7.56106e+08 7.87862e+08 -21162.7
1.12233e+09 2.39772e+08 -21468.7
1.11787e+09 -4.53001e+08 -21768.2
7.05599e+08 -1.05314e+09 -22061.1
-6.89477e+06 -1.33228e+09 -22347.5
-7.91377e+08 -1.15514e+09 -22627.1
-1.36952e+09 -5.38558e+08 -22900
-1.50907e+09 3.38734e+08 -23166
-1.11333e+09 1.18432e+09 -23425
-2.70526e+08 1.68676e+09 -23677
7.58971e+08 1.62709e+09 -23921.9
1.61954e+09 9.68278e+08 -24159.7
1.97994e+09 -1.12249e+08 -24390.1
1.65655e+09 -1.26486e+09 -24613.3
6.95708e+08 -2.07708e+09 -24829.1
-6.19113e+08 -2.21736e+09 -25037.4
-1.84581e+09 -1.56433e+09 -25238.2
-2.52818e+09 -2.72994e+08 -25431.4
-2.36066e+09 1.25283e+09 -25617
-1.31542e+09 2.48167e+09 -25794.8
3.18433e+08 2.93469e+09 -25965
2.00708e+09 2.3657e+09 -26127.3
3.14091e+09 8.75177e+08 -26281.8
3.24878e+09 -1.09011e+09 -26428.4
2.1841e+09 -2.86365e+09 -26567
2.1222e+08 -3.77916e+09 -26697.7
-2.04317e+09 -3.41329e+09 -26820.3
-3.78986e+09 -1.76541e+09 -26934.9
-4.3382e+09 6.9807e+08 -27041.4
-3.36308e+09 3.16475e+09 -27139.7
-1.06053e+09 4.73613e+09 -27229.9
1.86921e+09 4.74601e+09 -27311.9
4.42416e+09 3.02751e+09 -27385.7
5.63411e+09 2.61291e+07 -27451.2
4.91756e+09 -3.29859e+09 -27508.5
2.33416e+09 -5.76897e+09 -27557.5
-1.3699e+09 -6.39549e+09 -27598.2
-4.96207e+09 -4.75706e+09 -27630.7
-7.12171e+09 -1.2139e+09 -27654.8
-6.91207e+09 3.14206e+09 -27670.6
-4.16182e+09 6.80853e+09 -27678
3.92512e+08 8.37738e+09 -27677.2
5.28001e+09 7.05763e+09 -27668
8.75454e+09 3.02814e+09 -27650.4
9.40228e+09 -2.52609e+09 -27624.6
6.69164e+09 -7.74057e+09 -27590.4
1.25921e+09 -1.06797e+10 -27548
-5.20008e+09 -1.00345e+10 -27497.2
-1.04399e+10 -5.66544e+09 -27438.1
-1.24233e+10 1.22492e+09 -27370.8
-1.00873e+10 8.38936e+09 -27295.3
-3.83121e+09 1.32459e+10 -27211.5
4.47501e+09 1.37835e+10 -27119.5
1.20191e+10 9.35478e+09 -27019.4
1.59722e+10 1.05418e+09 -26911.1
1.45186e+10 -8.49845e+09 -26794.7
7.62257e+09 -1.59531e+10 -26670.2
-2.77212e+09 -1.83741e+10 -26537.7
-1.32435e+10 -1.43528e+10 -26397.2
-1.9984e+10 -4.68108e+09 -26248.8
-2.01472e+10 7.70767e+09 -26092.4
-1.29861e+10 1.85831e+10 -25928.1
-3.44185e+08 2.38242e+10 -25756.1
1.3745e+10 2.09319e+10 -25576.3
2.42987e+10 1.01099e+10 -25388.7
2.71017e+10 -5.52771e+09 -25193.5
2.03221e+10 -2.07861e+10 -24990.7
5.42852e+09 -3.00655e+10 -24780.4
-1.30004e+10 -2.93597e+10 -24562.6
-2.8619e+10 -1.78816e+10 -24337.4
-3.54422e+10 1.31248e+09 -24104.8
-3.00639e+10 2.20352e+10 -23865
-1.31683e+10 3.68952e+10 -23617.9
1.02922e+10 3.98647e+10 -23363.8
3.24554e+10 2.86183e+10 -23102.5
4.51095e+10 5.76777e+09 -22834.3
4.26491e+10 -2.15737e+10 -22559.2
2.43906e+10 -4.39126e+10 -22277.3
-4.66475e+09 -5.2586e+10 -21988.7
-3.50582e+10 -4.30043e+10 -21693.4
-5.58547e+10 -1.67504e+10 -21391.6
-5.84727e+10 1.83522e+10 -21083.3
-4.00575e+10 5.04377e+10 -20768.6
-5.12025e+09 6.74989e+10 -20447.7
3.53357e+10 6.17481e+10 -20120.5
6.71457e+10 3.28955e+10 -19787.3
7.78143e+10 -1.09606e+10 -19448.1
6.12436e+10 -5.54084e+10 -19103.1
2.06237e+10 -8.43132e+10 -18752.2
-3.17584e+10 -8.55172e+10 -18395.7
-7.8045e+10 -5.56855e+10 -18033.6
-1.00732e+11 -2.44337e+09 -17666
-8.9086e+10 5.7256e+10 -17293.1
-4.37597e+10 1.02334e+11 -16915
2.22514e+10 1.14835e+11 -16531.7
8.70563e+10 8.67991e+10 -16143.5
1.26914e+11 2.42027e+10 -15750.3
1.24694e+11 -5.3758e+10 -15352.4
7.68035e+10 -1.20281e+11 -14949.8
-4.08049e+09 -1.4993e+11 -14542.7
-9.19347e+10 -1.28047e+11 -14131.1
-1.55475e+11 -5.72156e+10 -13715.3
-1.69005e+11 4.18702e+10 -13295.3
-1.22365e+11 1.36059e+11 -12871.3
-2.62611e+10 1.90517e+11 -12443.4
8.9461e+10 1.81247e+11 -12011.7
1.84684e+11 1.04963e+11 -11576.3
2.22566e+11 -1.75454e+10 -11137.4
1.83308e+11 -1.46469e+11 -10695.2
7.31496e+10 -2.35501e+11 -10249.6
-7.5182e+10 -2.48027e+11 -9800.97
-2.11627e+11 -1.71485e+11 -9349.33
-2.85224e+11 -2.44512e+10 -8894.84
-2.62583e+11 1.46865e+11 -8437.63
-1.41891e+11 2.82578e+11 -7977.85
4.3123e+10 3.29512e+11 -7515.62
2.31768e+11 2.61282e+11 -7051.1
3.55684e+11 9.0709e+10 -6584.41
3.62948e+11 -1.30752e+11 -6115.7
2.38716e+11 -3.27724e+11 -5645.12
1.45095e+10 -4.25871e+11 -5172.79
-2.38427e+11 -3.79096e+11 -4698.86
-4.3093e+11 -1.89292e+11 -4223.49
-4.86533e+11 8.93336e+10 -3746.8
-3.70662e+11 3.6454e+11 -3268.94
-1.0761e+11 5.35686e+11 -2790.06
2.22158e+11 5.29528e+11 -2310.3
5.05454e+11 3.29771e+11 -1829.8
6.34188e+11 -1.1038e+10 -1348.71
5.45289e+11 -3.83459e+11 -867.178
2.48397e+11 -6.5509e+11 -385.342
-1.7005e+11 -7.16414e+11 96.6512
-5.70286e+11 -5.23095e+11 578.656
-8.04562e+11 -1.18952e+11 1060.53
-7.70158e+11 3.70792e+11 1542.12
-4.51519e+11 7.7663e+11 2023.29
6.49656e+10 9.41904e+11 2503.89
6.1178e+11 7.81238e+11 2983.78
9.92841e+11 3.19097e+11 3462.8
1.05196e+12 -3.07641e+11 3940.83
7.33941e+11 -8.87807e+11 4417.71
1.15226e+11 -1.20513e+12 4893.31
-6.10168e+11 -1.11649e+12 5367.47
-1.18907e+12 -6.11741e+11 5840.05
-1.39521e+12 1.68692e+11 6310.92
-1.11451e+12 9.69256e+11 6779.92
-3.98335e+11 1.50034e+12 7246.93
5.37867e+11 1.54024e+12 7711.79
1.37596e+12 1.02306e+12 8174.38
1.8003e+12 7.90171e+10 8634.54
1.61299e+12 -9.92528e+11 9092.14
8.1834e+11 -1.81444e+12 9547.04
-3.57594e+11 -2.06113e+12 9999.11
-1.52618e+12 -1.58255e+12 10448.2
-2.26082e+12 -4.77269e+11 10894.2
-2.24845e+12 9.17493e+11 11336.9
-1.41548e+12 2.12376e+12 11776.3
2.03786e+10 2.68228e+12 12212.2
1.59894e+12 2.32179e+12 12644.4
2.75991e+12 1.07758e+12 13072.9
3.03659e+12 -6.89392e+11 13497.4
2.23569e+12 -2.3899e+12 13918
5.36382e+11 -3.39736e+12 14334.3
-1.53605e+12 -3.27218e+12 14746.4
-3.26545e+12 -1.94157e+12 15154.1
-3.98577e+12 2.35664e+11 15557.3
-3.32903e+12 2.55467e+12 15955.8
-1.39055e+12 4.18524e+12 16349.6
1.25731e+12 4.46124e+12 16738.4
3.72388e+12 3.14047e+12 17122.3
5.0914e+12 5.37235e+11 17501
4.74664e+12 -2.53395e+12 17874.5
2.63621e+12 -5.0029e+12 18242.7
-6.555e+11 -5.90699e+12 18605.4
-4.05252e+12 -4.75316e+12 18962.5
-6.32803e+12 -1.74667e+12 19314
-6.53558e+12 2.21063e+12 19659.6
-4.38333e+12 5.77617e+12 19999.4
-4.08798e+11 7.60973e+12 20333.2
4.13026e+12 6.86209e+12 20660.9
7.63889e+12 3.53579e+12 20982.4
8.73083e+12 -1.4267e+12 21297.6
6.75551e+12 -6.38819e+12 21606.4
2.112e+12 -9.54065e+12 21908.8
-3.78661e+12 -9.54619e+12 22204.6
-8.92216e+12 -6.07377e+12 22493.7
-1.13435e+13 -2.50525e+10 22776.1
-9.88458e+12 6.66523e+12 23051.6
-4.67125e+12 1.16263e+13 23320.3
2.78935e+12 1.28696e+13 23581.9
1.00136e+13 9.55326e+12 23836.5
1.43443e+13 2.4091e+12 24083.9
1.39009e+13 -6.35989e+12 24324.1
8.34581e+12 -1.37283e+13 24557
-8.31284e+11 -1.68646e+13 24782.5
-1.0665e+13 -1.41836e+13 25000.5
-1.76407e+13 -6.05385e+12 25211.1
-1.89176e+13 5.13186e+12 25414.1
-1.34347e+13 1.56171e+13 25609.5
-2.48296e+12 2.1508e+13 25797.1
1.05186e+13 2.01774e+13 25977.1
2.10467e+13 1.13553e+13 26149.2
2.50064e+13 -2.52699e+12 26313.5
2.0268e+13 -1.694e+13 26469.8
7.64866e+12 -2.66872e+13 26618.2
-9.07719e+12 -2.7729e+13 26758.6
-2.42442e+13 -1.87755e+13 26891
-3.21627e+13 -2.04427e+12 27015.3
-2.91893e+13 1.71813e+13 27131.4
-1.52688e+13 3.21563e+13 27239.4
5.67113e+12 3.69797e+13 27339.2
2.67339e+13 2.88323e+13 27430.8
4.02574e+13 9.32676e+12 27514.2
4.05255e+13 -1.56168e+13 27589.3
2.60544e+13 -3.74777e+13 27656
5.76333e+11 -4.79679e+13 27714.5
-2.77757e+13 -4.20758e+13 27764.6
-4.8971e+13 -2.02356e+13 27806.4
-5.45378e+13 1.12618e+13 27839.8
-4.08136e+13 4.19488e+13 27864.8
-1.07823e+13 6.05587e+13 27881.5
2.63179e+13 5.90473e+13 27889.7
5.77073e+13 3.58616e+13 27889.6
7.13506e+13 -2.81595e+12 27881
6.0421e+13 -4.45115e+13 27864.1
2.63317e+13 -7.4347e+13 27838.8
-2.09169e+13 -8.02107e+13 27805.1
-6.54838e+13 -5.74595e+13 27763
-9.08488e+13 -1.13917e+13 27712.6
-8.57615e+13 4.36438e+13 27653.8
-4.88916e+13 8.85303e+13 27586.7
9.64906e+12 1.0585e+14 27511.3
7.07945e+13 8.64106e+13 27427.6
1.12536e+14 3.34509e+13 27335.7
1.17635e+14 -3.72353e+13 27235.5
8.04024e+13 -1.01744e+14 27127.1
9.9784e+12 -1.35923e+14 27010.5
-7.1445e+13 -1.24147e+14 26885.8
-1.35348e+14 -6.59012e+13 26753
-1.56613e+14 2.24483e+13 26612.1
-1.23033e+14 1.11855e+14 26463.2
-4.11099e+13 1.69852e+14 26306.3
6.43589e+13 1.7202e+14 26141.5
1.57404e+14 1.11732e+14 25968.8
2.0282e+14 4.4263e+12 25788.3
1.7908e+14 -1.15712e+14 25600
8.76022e+13 -2.06247e+14 25404
-4.53616e+13 -2.31094e+14 25200.3
-1.75699e+14 -1.7433e+14 24989
-2.5564e+14 -4.8107e+13 24770.2
-2.50788e+14 1.08843e+14 24543.9
-1.54043e+14 2.42543e+14 24310.2
8.9492e+12 3.01841e+14 24069.2
1.85722e+14 2.57351e+14 23820.9
3.13303e+14 1.14433e+14 23565.4
3.40058e+14 -8.51261e+13 23302.8
2.45697e+14 -2.74532e+14 23033.1
5.194e+13 -3.83705e+14 22756.5
-1.81002e+14 -3.64474e+14 22473
-3.72345e+14 -2.10421e+14 22182.8
-4.48015e+14 3.64141e+13 21885.8
-3.68344e+14 2.95789e+14 21582.3
-1.46122e+14 4.74501e+14 21272.2
1.52581e+14 4.98995e+14 20955.6
4.26916e+14 3.44221e+14 20632.8
5.74372e+14 4.78326e+13 20303.7
5.27949e+14 -2.96975e+14 19968.5
2.84292e+14 -5.6962e+14 19627.2
-8.84338e+13 -6.63207e+14 19280
-4.67907e+14 -5.24914e+14 18926.9
-7.16556e+14 -1.80887e+14 18568.2
-7.30097e+14 2.65024e+14 18203.8
-4.79013e+14 6.60987e+14 17833.9
-2.71282e+13 8.57493e+14 17458.6
4.8189e+14 7.62082e+14 17078
8.68533e+14 3.79e+14 16692.3
9.79118e+14 -1.8224e+14 16301.5
7.44484e+14 -7.35756e+14 15905.7
2.14033e+14 -1.07904e+15 15505.2
-4.49871e+14 -1.06503e+15 15099.9
-1.01926e+15 -6.61466e+14 14690.1
-1.27678e+15 2.53272e+13 14275.8
-1.09597e+15 7.74701e+14 13857.1
-4.96902e+14 1.32013e+15 13434.3
3.45875e+14 1.44155e+15 13007.4
1.15074e+15 1.05038e+15 12576.5
1.62044e+15 2.35553e+14 12141.8
1.54877e+15 -7.503e+14 11703.4
9.05259e+14 -1.56583e+15 11261.5
-1.35408e+14 -1.89605e+15 10816.1
-1.23554e+15 -1.5699e+15 10367.5
-2.00049e+15 -6.37591e+14 9915.64
-2.11645e+15 6.24533e+14 9460.8
-1.47333e+15 1.79105e+15 9003.08
-2.2609e+14 2.42689e+15 8542.6
1.23394e+15 2.24488e+15 8079.52
2.39699e+15 1.22582e+15 7613.96
2.80821e+15 -3.46463e+14 7146.07
2.23913e+15 -1.95689e+15 6676
7.9464e+14 -3.02263e+15 6203.87
-1.09045e+15 -3.09839e+15 5729.84
-2.77528e+15 -2.05303e+15 5254.04
-3.625e+15 -1.50277e+14 4776.62
-3.24264e+15 2.00619e+15 4297.72
-1.63871e+15 3.65709e+15 3817.49
7.30045e+14 4.148e+15 3336.07
3.08046e+15 3.17874e+15 2853.61
4.55413e+15 9.49839e+14 2370.24
4.5224e+15 -1.85823e+15 1886.13
2.83944e+15 -4.28278e+15 1401.4
-5.4157e+13 -5.40023e+15 916.209
-3.23057e+15 -4.66673e+15 430.702
-5.56191e+15 -2.15602e+15 -54.9743
-6.1103e+15 1.40284e+15 -540.675
-4.4895e+15 4.82262e+15 -1026.25
-1.06329e+15 6.84265e+15 -1511.57
3.10861e+15 6.58049e+15 -1996.46
6.58396e+15 3.89305e+15 -2480.8
8.02355e+15 -4.9398e+14 -2964.43
6.68996e+15 -5.1597e+15 -3447.21
2.77917e+15 -8.43312e+15 -3929
-2.55323e+15 -8.97584e+15 -4409.64
-7.5128e+15 -6.3046e+15 -4888.99
-1.02533e+16 -1.05672e+15 -5366.91
-9.54419e+15 5.12493e+15 -5843.26
-5.28309e+15 1.00854e+16 -6317.89
1.34865e+15 1.18896e+16 -6790.66
8.18236e+15 9.54988e+15 -7261.43
1.2749e+16 3.48567e+15 -7730.04
1.31475e+16 -4.48274e+15 -8196.38
8.79685e+15 -1.16508e+16 -8660.28
7.85805e+14 -1.5323e+16 -9121.62
-8.3492e+15 -1.37955e+16 -9580.25
-1.5397e+16 -7.08136e+15 -10036
-1.75711e+16 2.91517e+15 -10488.8
-1.35699e+16 1.28947e+16 -10938.5
-4.20548e+15 1.92189e+16 -11384.9
7.67045e+15 1.92012e+16 -11828
1.79931e+16 1.21849e+16 -12267.5
2.28385e+16 -5.07977e+12 -12703.4
1.98684e+16 -1.34677e+16 -13135.4
9.34789e+15 -2.34305e+16 -13563.6
-5.67888e+15 -2.58971e+16 -13987.7
-2.02075e+16 -1.91849e+16 -14407.7
-2.88918e+16 -4.78014e+15 -14823.3
-2.79561e+16 1.28726e+16 -15234.5
-1.67357e+16 2.76805e+16 -15641.2
1.7562e+15 3.39501e+16 -16043.2
2.15417e+16 2.85041e+16 -16440.3
3.55463e+16 1.21021e+16 -16832.6
3.80625e+16 -1.04248e+16 -17219.9
2.69721e+16 -3.15083e+16 -17602
4.89377e+15 -4.3315e+16 -17978.8
-2.12763e+16 -4.05725e+16 -18350.2
-4.24297e+16 -2.27591e+16 -18716.2
-5.03339e+16 5.21008e+15 -19076.6
-4.07234e+16 3.42051e+16 -19431.2
-1.52687e+16 5.37678e+16 -19780
1.84112e+16 5.57834e+16 -20122.9
4.89037e+16 3.76828e+16 -20459.8
6.47644e+16 3.95838e+15 -20790.5
5.86839e+16 -3.47346e+16 -21115.1
3.05838e+16 -6.48163e+16 -21433.2
-1.15989e+16 -7.44248e+16 -21745
-5.39656e+16 -5.79182e+16 -22050.3
-8.10975e+16 -1.85809e+16 -22348.9
-8.1515e+16 3.16402e+16 -22640.8
-5.22729e+16 7.55829e+16 -22926
-9.25583e+14 9.65784e+16 -23204.2
5.61278e+16 8.45769e+16 -23475.5
9.86941e+16 4.05015e+16 -23739.8
1.09748e+17 -2.29407e+16 -23996.9
8.19662e+16 -8.46569e+16 -24246.9
2.14121e+16 -1.21978e+17 -24489.5
-5.32759e+16 -1.18753e+17 -24724.9
-1.1636e+17 -7.19191e+16 -24952.7
-1.43639e+17 6.01868e+15 -25173.1
-1.2143e+17 8.99123e+16 -25386
-5.26508e+16 1.49814e+17 -25591.2
4.25053e+16 1.61389e+17 -25788.7
1.32122e+17 1.15365e+17 -25978.5
1.82965e+17 2.24907e+16 -26160.5
1.72453e+17 -8.82895e+16 -26334.6
9.80019e+16 -1.78481e+17 -26500.9
-1.99449e+16 -2.13066e+17 -26659.1
-1.42956e+17 -1.73627e+17 -26809.4
-2.26737e+17 -6.67972e+16 -26951.5
-2.36658e+17 7.5543e+16 -27085.6
-1.61379e+17 2.05239e+17 -27211.6
-1.94247e+16 2.73708e+17 -27329.3
1.4445e+17 2.496e+17 -27438.9
2.72824e+17 1.32019e+17 -27540.2
3.15205e+17 -4.59625e+16 -27633.2
2.47159e+17 -2.25805e+17 -27717.9
8.19369e+16 -3.4217e+17 -27794.3
-1.30418e+17 -3.46019e+17 -27862.3
-3.17453e+17 -2.24183e+17 -27922
-4.08367e+17 -7.91896e+15 -27973.2
-3.59982e+17 2.33843e+17 -28016
-1.75363e+17 4.15673e+17 -28050.4
9.24594e+16 4.65048e+17 -28076.4
3.54594e+17 3.50125e+17 -28093.9
5.14926e+17 9.56045e+16 -28102.9
5.04387e+17 -2.20366e+17 -28103.5
3.08953e+17 -4.89074e+17 -28095.7
-1.94951e+16 -6.07664e+17 -28079.4
-3.75181e+17 -5.17226e+17 -28054.6
-6.31345e+17 -2.2886e+17 -28021.4
-6.84236e+17 1.73052e+17 -27979.7
-4.93328e+17 5.53928e+17 -27929.6
-1.02695e+17 7.72781e+17 -27871.1
3.66203e+17 7.32923e+17 -27804.3
7.50687e+17 4.21827e+17 -27729
9.01828e+17 -7.55066e+16 -27645.4
7.40154e+17 -5.97326e+17 -27553.5
2.91871e+17 -9.56046e+17 -27453.2
-3.09639e+17 -1.0039e+18 -27344.7
-8.61212e+17 -6.90943e+17 -27228
-1.15664e+18 -9.34921e+16 -27103
-1.06149e+18 6.00495e+17 -26969.9
-5.69589e+17 1.14823e+18 -26828.6
1.81293e+17 1.33483e+18 -26679.3
9.44624e+17 1.05454e+18 -26521.9
1.44355e+18 3.6068e+17 -26356.6
1.46863e+18 -5.37157e+17 -26183.2
9.6118e+17 -1.33313e+18 -26002
5.04215e+16 -1.72656e+18 -25813
-9.73937e+17 -1.53197e+18 -25616.1
-1.75051e+18 -7.58805e+17 -25411.5
-1.9704e+18 3.71703e+17 -25199.3
-1.4953e+18 1.48497e+18 -24979.5
-4.2564e+17 2.17353e+18 -24752.1
9.10956e+17 2.14207e+18 -24517.3
2.05536e+18 1.32677e+18 -24275
2.57047e+18 -5.72412e+16 -24025.5
2.20278e+18 -1.5651e+18 -23768.6
9.9397e+17 -2.66031e+18 -23504.6
-7.03419e+17 -2.90064e+18 -23233.5
-2.32196e+18 -2.10913e+18 -22955.4
-3.26364e+18 -4.66316e+17 -22670.4
-3.11453e+18 1.51819e+18 -22378.5
-1.81493e+18 3.15697e+18 -22079.9
2.81901e+17 3.81673e+18 -21774.5
2.49525e+18 3.1547e+18 -21462.6
4.03078e+18 1.27389e+18 -21144.3
4.25808e+18 -1.26776e+18 -20819.5
2.95754e+18 -3.6132e+18 -20488.4
4.43318e+17 -4.88726e+18 -20151.2
-2.49532e+18 -4.51366e+18 -19807.8
-4.83195e+18 -2.45626e+18 -19458.5
-5.65217e+18 7.11291e+17 -19103.2
-4.49855e+18 3.95085e+18 -18742.2
-1.58508e+18 6.08947e+18 -18375.5
2.2106e+18 6.23276e+18 -18003.3
5.59763e+18 4.11987e+18 -17625.6
7.29908e+18 2.84816e+17 -17242.5
6.51871e+18 -4.05501e+18 -16854.3
3.28139e+18 -7.37099e+18 -16460.9
-1.49013e+18 -8.34776e+18 -16062.6
-6.21756e+18 -6.38481e+18 -15659.4
-9.17365e+18 -1.89006e+18 -15251.4
-9.09604e+18 3.76338e+18 -14838.8
-5.69579e+18 8.63658e+18 -14421.7
1.35467e+17 1.08722e+19 -14000.3
6.52707e+18 9.37989e+18 -13574.6
1.12086e+19 4.31357e+18 -13144.7
1.22952e+19 -2.8543e+18 -12710.9
9.01527e+18 -9.73155e+18 -12273.2
2.10727e+18 -1.37818e+19 -11831.8
-6.29088e+18 -1.32335e+19 -11386.8
-1.32748e+19 -7.8058e+18 -10938.3
-1.61517e+19 1.03382e+18 -10486.5
-1.34439e+19 1.0421e+19 -10031.5
-5.55413e+18 1.69923e+19 -9573.41
5.18445e+18 1.80589e+19 -9112.43
1.51567e+19 1.26565e+19 -8648.66
2.06486e+19 2.07735e+18 -8182.25
1.91906e+19 -1.03649e+19 -7713.34
1.05873e+19 -2.03312e+19 -7242.07
-2.77349e+18 -2.39311e+19 -6768.58
-1.65206e+19 -1.91871e+19 -6293.01
-2.56851e+19 -6.95544e+18 -5815.51
-2.64485e+19 9.08961e+18 -5336.22
-1.7654e+19 2.35001e+19 -4855.28
-1.50709e+18 3.08542e+19 -4372.84
1.68773e+19 2.77341e+19 -3889.04
3.1034e+19 1.41818e+19 -3404.03
3.53624e+19 -5.95522e+18 -2917.96
2.72576e+19 -2.60277e+19 -2430.97
8.37299e+18 -3.87147e+19 -1943.2
-1.55372e+19 -3.86209e+19 -1454.81
-3.62857e+19 -2.44442e+19 -965.937
-4.59815e+19 1.22006e+17 -476.734
-3.99359e+19 2.72124e+19 12.6536
-1.87058e+19 4.72193e+19 502.079
1.15603e+19 5.21118e+19 991.394
4.07784e+19 3.85269e+19 1480.45
5.81923e+19 9.48262e+18 1969.11
5.62222e+19 -2.60538e+19 2457.21
3.35592e+19 -5.58121e+19 2944.61
-3.70198e+18 -6.83444e+19 3431.17
-4.35102e+19 -5.7283e+19 3916.74
-7.16259e+19 -2.41917e+19 4401.17
-7.65816e+19 2.11749e+19 4884.31
-5.41497e+19 6.35689e+19 5366.03
-9.64083e+18 8.72316e+19 5846.17
4.30349e+19 8.15821e+19 6324.59
8.55367e+19 4.56141e+19 6801.15
1.01314e+20 -1.0736e+19 7275.7
8.18225e+19 -6.90658e+19 7748.1
3.04779e+19 -1.08328e+20 8218.21
-3.73409e+19 -1.12221e+20 8685.89
-9.86441e+19 -7.56289e+19 9150.99
-1.30412e+20 -7.65258e+18 9613.38
-1.17981e+20 7.02197e+19 10072.9
-6.12583e+19 1.30647e+20 10529.4
2.37167e+19 1.49786e+20 10982.9
1.08934e+20 1.16345e+20 11433
1.63368e+20 3.70127e+19 11879.7
1.63962e+20 -6.41013e+19 12322.9
1.04873e+20 -1.5243e+20 12762.5
1.39083e+18 -1.94449e+20 13198.2
-1.13418e+20 -1.70007e+20 13630
-1.98903e+20 -8.10602e+19 14057.7
-2.20847e+20 4.67245e+19 14481.2
-1.64611e+20 1.70844e+20 14900.4
-4.25128e+19 2.45687e+20 15315.2
1.07844e+20 2.3883e+20 15725.4
2.34624e+20 1.44228e+20 16130.9
2.89165e+20 -1.28206e+19 16531.5
2.4404e+20 -1.81618e+20 16927.2
1.05271e+20 -3.01885e+20 17317.9
-8.63675e+19 -3.24722e+20 17703.4
-2.66571e+20 -2.31622e+20 18083.6
-3.68481e+20 -4.43859e+19 18458.3
-3.46775e+20 1.78601e+20 18827.6
-1.96438e+20 3.59822e+20 19191.2
4.11986e+19 4.28875e+20 19549.1
2.88669e+20 3.48871e+20 19901.1
4.56826e+20 1.33376e+20 20247.1
4.76102e+20 -1.53252e+20 20587.1
3.23906e+20 -4.14005e+20 20920.9
3.77688e+19 -5.51162e+20 21248.5
-2.92049e+20 -5.01822e+20 21569.7
-5.49932e+20 -2.64464e+20 21884.4
-6.34389e+20 9.40808e+19 22192.6
-4.9651e+20 4.55832e+20 22494.1
-1.63292e+20 6.89305e+20 22788.8
2.64269e+20 6.96014e+20 23076.7
6.40238e+20 4.49803e+20 23357.8
8.2222e+20 1.39449e+19 23631.8
7.23621e+20 -4.72567e+20 23898.7
3.51031e+20 -8.37749e+20 24158.4
-1.88428e+20 -9.35845e+20 24410.9
-7.15631e+20 -7.03185e+20 24656.1
-1.03719e+21 -1.89964e+20 24893.8
-1.01442e+21 4.46139e+20 25124.1
-6.19633e+20 9.86183e+20 25346.9
4.22242e+19 1.22334e+21 25562
7.57898e+20 1.03951e+21 25769.5
1.27223e+21 4.57682e+20 25969.2
1.37675e+21 -3.51761e+20 26161.1
9.90524e+20 -1.11766e+21 26345.2
2.02977e+20 -1.55637e+21 26521.3
-7.40877e+20 -1.47383e+21 26689.5
-1.51345e+21 -8.45606e+20 26849.7
-1.81531e+21 1.56434e+20 27001.8
-1.48726e+21 1.20624e+21 27145.8
-5.82956e+20 1.92627e+21 27281.6
6.28321e+20 2.01967e+21 27409.2
1.73729e+21 1.38689e+21 27528.6
2.32916e+21 1.8257e+20 27639.8
2.13419e+21 -1.21419e+21 27742.6
1.14115e+21 -2.31456e+21 27837
-3.71538e+20 -2.68657e+21 27923.1
-1.90701e+21 -2.11852e+21 28000.8
-2.90813e+21 -7.19105e+20 28070.1
-2.95423e+21 1.08867e+21 28130.9
-1.92865e+21 2.68875e+21 28183.3
-9.30651e+19 3.47639e+21 28227.2
1.96836e+21 3.07961e+21 28262.6
3.52807e+21 1.51916e+21 28289.5
3.96527e+21 -7.58007e+20 28307.9
3.00327e+21 -2.99706e+21 28317.7
8.4632e+20 -4.37813e+21 28319.1
-1.84455e+21 -4.30824e+21 28311.9
-4.14463e+21 -2.66117e+21 28296.2
-5.17494e+21 1.27827e+20 28272
-4.42727e+21 3.16185e+21 28239.3
-1.98818e+21 5.36096e+21 28198
1.43042e+21 5.83652e+21 28148.3
4.68522e+21 4.23503e+21 28090.1
6.57309e+21 9.22879e+20 28023.4
6.26318e+21 -3.07187e+21 27948.4
3.63862e+21 -6.36494e+21 27864.8
-5.86243e+20 -7.683e+21 27772.9
-5.03922e+21 -6.33926e+21 27672.7
-8.12155e+21 -2.54505e+21 27564
-8.56674e+21 2.57326e+21 27447.1
-5.93684e+21 7.28906e+21 27321.9
-8.68629e+20 9.84187e+21 27188.5
5.04602e+21 9.07531e+21 27046.9
9.74037e+21 4.92164e+21 26897.1
1.13762e+22 -1.45973e+21 26739.2
9.03777e+21 -7.97641e+21 26573.3
3.16151e+21 -1.22679e+22 26399.4
-4.48119e+21 -1.25378e+22 26217.4
-1.12901e+22 -8.26729e+21 26027.6
-1.46969e+22 -5.37708e+20 25830
-1.31045e+22 8.196e+21 25624.5
-6.57046e+21 1.48563e+22 25411.3
3.04099e+21 1.67996e+22 25190.5
1.25493e+22 1.28244e+22 24962
1.84789e+22 3.76043e+21 24726
1.8295e+22 -7.62147e+21 24482.6
1.14253e+22 -1.74162e+22 24231.7
-3.25952e+20 -2.18888e+22 23973.6
-1.31871e+22 -1.88529e+22 23708.2
-2.25877e+22 -8.62981e+21 23435.6
-2.47405e+22 5.80685e+21 23156
-1.81032e+22 1.9637e+22 22869.4
-4.1752e+21 2.77577e+22 22575.9
1.27304e+22 2.66128e+22 22275.5
2.67648e+22 1.56507e+22 21968.5
3.25138e+22 -2.16048e+21 21654.7
2.70161e+22 -2.10467e+22 21334.5
1.10992e+22 -3.42385e+22 21007.8
-1.05264e+22 -3.63333e+22 20674.7
-3.05774e+22 -2.54077e+22 20335.4
-4.15828e+22 -4.08134e+21 19990
-3.85864e+22 2.0962e+22 19638.5
-2.12163e+22 4.09855e+22 19281
5.70109e+21 4.81678e+22 18917.8
3.33555e+22 3.85492e+22 18548.8
5.17469e+22 1.38779e+22 18174.1
5.32052e+22 -1.84299e+22 17794
3.54285e+22 -4.74001e+22 17408.5
2.88328e+21 -6.21272e+22 17017.8
-3.41154e+22 -5.57556e+22 16621.8
-6.25513e+22 -2.84009e+22 16220.9
-7.11672e+22 1.21629e+22 15815
-5.47514e+22 5.2536e+22 15404.3
-1.66682e+22 7.79867e+22 14989
3.14706e+22 7.76809e+22 14569.1
7.31751e+22 4.90369e+22 14144.8
9.25758e+22 -4.70688e+20 13716.2
8.02712e+22 -5.49832e+22 13283.4
3.743e+22 -9.516e+22 12846.6
-2.35298e+22 -1.04862e+23 12405.9
-8.22893e+22 -7.7368e+22 11961.4
-1.17207e+23 -1.88069e+22 11513.3
-1.13067e+23 5.27303e+22 11061.7
-6.72929e+22 1.12533e+23 10606.7
7.78784e+21 1.37582e+23 10148.5
8.78811e+22 1.15117e+23 9687.17
1.44326e+23 4.83554e+22 9222.9
1.54081e+23 -4.3007e+22 8755.82
1.08711e+23 -1.28251e+23 8286.07
1.89833e+22 -1.75674e+23 7813.78
-8.7043e+22 -1.64042e+23 7339.1
-1.72438e+23 -9.14179e+22 6862.18
-2.03926e+23 2.21111e+22 6383.14
-1.64398e+23 1.39453e+23 5902.15
-6.08322e+22 2.18249e+23 5419.34
7.57292e+22 2.25756e+23 4934.85
1.98974e+23 1.51784e+23 4448.84
2.62601e+23 1.4769e+22 3961.45
2.37191e+23 -1.41954e+23 3472.83
1.22694e+23 -2.63336e+23 2983.12
-4.84829e+22 -3.01453e+23 2492.47
-2.19891e+23 -2.33708e+23 2001.03
-3.29095e+23 -7.37195e+22 1508.95
-3.29798e+23 1.2986e+23 1016.37
-2.10399e+23 3.07406e+23 523.444
-1.84851e+21 3.91499e+23 30.3185
2.29181e+23 3.41727e+23 -462.858
4.00855e+23 1.62228e+23 -955.937
4.44412e+23 -9.51531e+22 -1448.77
3.30582e+23 -3.44773e+23 -1941.21
8.43901e+22 -4.9486e+23 -2433.1
-2.18294e+23 -4.80317e+23 -2924.31
-4.73082e+23 -2.89231e+23 -3414.67
-5.82124e+23 2.72276e+22 -3904.05
-4.90446e+23 3.66853e+23 -4392.3
-2.10468e+23 6.08312e+23 -4879.26
1.75476e+23 6.53353e+23 -5364.8
5.37832e+23 4.65028e+23 -5848.76
7.42094e+23 8.75605e+22 -6331.01
6.97301e+23 -3.61281e+23 -6811.38
3.93734e+23 -7.25404e+23 -7289.75
-8.50458e+22 -8.63269e+23 -7765.97
-5.82896e+23 -7.00982e+23 -8239.89
-9.20398e+23 -2.66294e+23 -8711.37
-9.57804e+23 3.10878e+23 -9180.26
-6.50107e+23 8.35117e+23 -9646.43
-7.33437e+22 1.10986e+24 -10109.7
5.9045e+23 1.00891e+24 -10570
1.10849e+24 5.29763e+23 -11027.2
1.27678e+24 -1.92521e+23 -11481.1
9.97412e+23 -9.20173e+23 -11931.6
3.25388e+23 -1.3886e+24 -12378.5
-5.3547e+23 -1.40002e+24 -12821.7
-1.29122e+24 -9.02473e+23 -13261.1
-1.65548e+24 -2.40515e+22 -13696.5
-1.45458e+24 9.54979e+23 -14127.9
-7.02645e+23 1.68839e+24 -14555
3.8395e+23 1.88325e+24 -14977.8
1.44425e+24 1.41225e+24 -15396.2
2.08914e+24 3.77385e+23 -15809.9
2.04019e+24 -9.03195e+23 -16218.9
1.2427e+24 -1.98855e+24 -16623.1
-9.09991e+22 -2.46278e+24 -17022.3
-1.53099e+24 -2.08918e+24 -17416.4
-2.56367e+24 -9.15241e+23 -17805.3
-2.77014e+24 7.14952e+23 -18188.8
-1.98879e+24 2.25507e+24 -18566.9
-4.01044e+23 3.1345e+24 -18939.5
1.49885e+24 2.96369e+24 -19306.4
3.05123e+24 1.69508e+24 -19667.5
3.65408e+24 -3.23839e+23 -20022.8
2.98845e+24 -2.43585e+24 -20372
1.16426e+24 -3.88109e+24 -20715.1
-1.27491e+24 -4.06321e+24 -21052.1
-3.50454e+24 -2.78377e+24 -21382.7
-4.69028e+24 -3.56176e+23 -21706.9
-4.2909e+24 2.45503e+24 -22024.6
-2.2862e+24 4.66558e+24 -22335.7
7.6118e+23 5.40716e+24 -22640.1
3.84982e+24 4.25596e+24 -22937.7
5.85857e+24 1.43357e+24 -23228.4
5.94253e+24 -2.20631e+24 -23512.2
3.86987e+24 -5.42281e+24 -23788.9
1.70357e+23 -6.9996e+24 -24058.5
-3.97805e+24 -6.19066e+24 -24320.9
-7.11064e+24 -3.04132e+24 -24575.9
-7.97972e+24 1.54553e+24 -24823.6
-6.03193e+24 6.0488e+24 -25063.9
-1.6825e+24 8.81879e+24 -25296.6
3.73478e+24 8.66492e+24 -25521.7
8.35756e+24 5.33755e+24 -25739.2
1.04183e+25 -2.82686e+23 -25948.9
8.89812e+24 -6.38755e+24 -26150.8
3.97664e+24 -1.08032e+25 -26344.9
-2.90848e+24 -1.17439e+25 -26531.1
-9.45366e+24 -8.50361e+24 -26709.3
-1.32384e+25 -1.8259e+24 -26879.5
-1.25949e+25 6.21536e+24 -27041.6
-7.29461e+24 1.28326e+25 -27195.6
1.21791e+24 1.54656e+25 -27341.4
1.01767e+25 1.27384e+25 -27479
1.63639e+25 5.0843e+24 -27608.3
1.72351e+25 -5.22277e+24 -27729.3
1.19172e+25 -1.47044e+25 -27842
1.70067e+24 -1.98193e+25 -27946.3
-1.02038e+25 -1.8247e+25 -28042.3
-1.96347e+25 -9.86124e+24 -28129.8
-2.28971e+25 2.99461e+24 -28208.8
-1.81571e+25 1.61034e+25 -28279.3
-6.30514e+24 2.4715e+25 -28341.4
9.08352e+24 2.5221e+25 -28394.9
2.27712e+25 1.65896e+25 -28439.9
