-47680 66232.4 2348.82
-202046 -844301 7113.97
6.63704e+06 5.33962e+06 11705.2
-8.52057e+07 -856353 15982.6
6.73069e+08 -5.20072e+08 19815
-2.06129e+09 8.23792e+09 23083
-3.47695e+10 -7.73216e+10 25683.5
7.50578e+11 3.91186e+11 27532.6
-8.30228e+12 1.57363e+12 28568.2
5.53544e+13 -6.3662e+13 28752.2
-4.03633e+13 8.41266e+14 28072
-4.88443e+15 -6.84435e+15 26540.7
8.06027e+16 2.34576e+16 24197.2
-7.76877e+17 3.14411e+17 21105.2
4.14632e+18 -7.2675e+18 17351.6
1.24252e+19 8.26043e+19 13043.7
-6.08076e+20 -5.70733e+20 8306.69
8.29517e+21 7.14843e+20 3279.47
-6.94465e+22 4.56784e+22 -1888.99
2.62011e+23 -7.87409e+23 -7044.23
2.81395e+24 7.79242e+24 -12030.9
-7.0233e+25 -4.36898e+25 -16697.4
8.20665e+26 -9.17009e+25 -20900.5
-5.86641e+27 5.79234e+27 -24509.8
1.01785e+28 -8.16742e+28 -27411.4
4.25132e+29 7.03182e+29 -29512.1
-7.67987e+30 -2.88412e+30 -30741.9
7.80338e+31 -2.48691e+31 -31056.3
-4.57975e+32 6.77371e+32 -30438.2
-5.97478e+32 -8.14129e+33 -28898.2
5.50145e+34 6.01272e+34 -26475
-8.02983e+35 -1.31238e+35 -23234
7.10605e+36 -3.93538e+36 -19266
-3.13763e+37 7.47808e+37 -14684.3
-2.16344e+38 -7.80192e+38 -9621.75
6.51923e+39 4.77858e+39 -4226.65
-8.06472e+40 2.84289e+39 1341.33
6.14631e+41 -5.2086e+41 6915.95
-1.59815e+42 7.88285e+42 12329.4
-3.62049e+43 -7.1675e+43 17417.3
7.26923e+44 3.38047e+44 22023.7
-7.78832e+45 1.84395e+45 26005.8
4.96543e+46 -6.26037e+46 29238.5
-2.22136e+45 7.97731e+47 31618
-4.91429e+48 -6.26728e+48 33065.4
7.72692e+49 1.87492e+49 33529.4
-7.21636e+50 3.30713e+50 32987.6
3.6125e+51 -7.05379e+51 31447.8
1.52887e+52 7.76288e+52 28948
-5.99764e+53 -5.14028e+53 25555.4
7.87945e+54 3.21704e+53 21364.6
-6.37571e+55 4.61902e+55 16495
2.14247e+56 -7.56249e+56 11087.5
2.99574e+57 7.25286e+57 5300.42
-6.83225e+58 -3.83362e+58 -695.138
7.72591e+59 -1.21857e+59 -6720.42
-5.30313e+60 5.73154e+60 -12594.2
6.13874e+60 -7.77153e+61 -18138.4
4.32326e+62 6.47173e+62 -23183.3
-7.39e+63 -2.40058e+63 -27572.6
7.27722e+64 -2.68676e+64 -31168.7
-4.04373e+65 6.60509e+65 -33856.5
-9.13434e+65 -7.67773e+66 -35547.6
5.46256e+67 5.454e+67 -36182.5
-7.65393e+68 -8.98435e+67 -35733.1
6.55547e+69 -4.02749e+69 -34203.9
-2.64908e+70 7.20991e+70 -31631.8
-2.38063e+71 -7.28967e+71 -28085.4
6.37281e+72 4.24274e+72 -23663.3
-7.61867e+73 6.13821e+72 -18491.3
5.59293e+74 -5.19117e+74 -12718.7
-1.17512e+75 7.52708e+75 -6514.32
-3.73217e+76 -6.62707e+76 -61.3595
7.02267e+77 2.88778e+77 6447.97
-7.29046e+78 2.07776e+78 12818.1
4.4306e+79 -6.13587e+79 18856.1
3.20071e+79 7.54907e+80 24377.3
-4.91787e+81 -5.71997e+81 29211
7.39137e+82 1.44367e+82 33205.9
-6.68671e+83 3.43775e+83 36234.7
3.11654e+84 -6.82875e+84 38197.8
1.77853e+85 7.27986e+85 39027.3
-5.89475e+86 -4.60728e+86 38688.6
7.46928e+87 -3.25094e+85 37181.9
-5.83519e+88 4.64312e+88 34542.8
1.70385e+89 -7.24722e+89 30841.2
3.14468e+90 6.73456e+90 26179.6
-6.62858e+91 -3.33524e+91 20690.3
7.25815e+92 -1.48335e+92 14531.5
-4.77275e+93 5.64993e+93 7883.11
2.48556e+93 -7.37966e+94 941.145
4.36738e+95 5.93869e+95 -6087.82
-7.09505e+96 -1.95545e+96 -12992.8
6.77082e+97 -2.85337e+97 -19565
-3.54375e+98 6.42263e+98 -25603.4
-1.19257e+99 -7.22561e+99 -30921.9
5.40186e+100 4.927e+100 -35354.1
-7.28056e+101 -5.22836e+100 -38759.2
6.03057e+102 -4.0911e+102 -41025.8
-2.19828e+103 6.93528e+103 -42076.2
