186219 88236.9 1919.47
-2.00532e+06 459697 1870.45
1.28781e+07 -1.60007e+07 1764.69
-2.03446e+06 2.05047e+08 1604.89
-1.25168e+09 -1.61997e+09 1395.42
1.98271e+10 4.9611e+09 1142.15
-1.86098e+11 8.36834e+10 852.348
9.41507e+11 -1.8065e+12 534.432
3.78742e+12 1.9982e+13 197.736
-1.53222e+14 -1.33227e+14 -147.759
2.02476e+15 9.71467e+13 -491.723
-1.6473e+16 1.17559e+16 -823.787
5.64579e+16 -1.93995e+17 -1133.85
7.56726e+17 1.86979e+18 -1412.39
-1.74914e+19 -9.97938e+18 -1650.75
1.98812e+20 -2.9905e+19 -1841.41
-1.37364e+21 1.46352e+21 -1978.23
1.72049e+21 -1.99649e+22 -2056.64
1.09939e+23 1.67144e+23 -2073.78
-1.89514e+24 -6.30609e+23 -2028.61
1.87548e+25 -6.77262e+24 -1921.97
-1.05153e+26 1.69037e+26 -1756.56
-2.20706e+26 -1.97518e+27 -1536.85
1.3941e+28 1.41193e+28 -1269
-1.96574e+29 -2.44977e+28 -960.679
1.69242e+30 -1.02321e+30 -620.823
-6.94152e+30 1.84839e+31 -259.399
-5.9855e+31 -1.87812e+32 112.89
1.6303e+33 1.10226e+33 484.924
-1.95945e+34 1.43801e+33 845.499
1.44714e+35 -1.32409e+35 1183.66
-3.15864e+35 1.93262e+36 1489.03
-9.47169e+36 -1.71029e+37 1752.15
1.79983e+38 7.55166e+37 1964.72
-1.87777e+39 5.20697e+38 2119.93
1.15011e+40 -1.56905e+40 2212.6
6.84228e+39 1.94102e+41 2239.44
-1.25361e+42 -1.4793e+42 2199.06
1.89725e+43 3.84643e+42 2092.11
-1.72508e+44 8.71382e+43 1921.27
8.13612e+44 -1.74956e+45 1691.12
4.43803e+45 1.8745e+46 1408.11
-1.50675e+47 -1.19508e+47 1080.3
1.91998e+48 5.34638e+45 717.185
-1.50841e+49 1.18277e+49 329.409
4.51257e+49 -1.85972e+50 -71.5637
7.95961e+50 1.73684e+51 -473.769
-1.69771e+52 -8.69459e+51 -865.106
1.86837e+53 -3.67968e+52 -1233.7
-1.23716e+54 1.44352e+54 -1568.25
7.74278e+53 -1.89643e+55 -1858.41
1.11171e+56 1.53451e+56 -2095.05
-1.82014e+57 -5.1565e+56 -2270.61
1.74562e+58 -7.21016e+57 -2379.27
-9.22678e+58 1.64439e+59 -2417.2
-2.93286e+59 -1.85948e+60 -2382.66
1.37947e+61 1.27636e+61 -2276.08
-1.87045e+62 -1.47747e+61 -2100.06
1.55762e+63 -1.04052e+63 -1859.31
-5.77773e+63 1.77863e+64 -1560.54
-6.46651e+64 -1.75148e+65 -1212.25
1.58972e+66 9.73246e+65 -824.506
-1.84788e+67 2.19846e+66 -408.662
1.31267e+68 -1.31473e+68 23.0015
-2.16236e+68 1.84215e+69 457.62
-9.69338e+69 -1.57777e+70 882.13
1.73528e+71 6.37581e+70 1283.66
-1.75448e+72 5.72971e+71 1649.93
1.02114e+73 -1.53381e+73 1969.61
1.47735e+73 1.83367e+74 2232.68
-1.24941e+75 -1.34611e+75 2430.74
1.81162e+76 2.82828e+75 2557.27
-1.59501e+77 8.98261e+76 2607.86
6.95032e+77 -1.69022e+78 2580.35
5.00075e+78 1.75467e+79 2474.9
-1.47678e+80 -1.06636e+80 2294.04
1.81691e+81 -7.70348e+79 2042.56
-1.37668e+82 1.18364e+82 1727.45
3.47462e+82 -1.77896e+83 1357.66
8.274e+83 1.60936e+84 943.859
-1.64355e+85 -7.50091e+84 498.14
1.75212e+86 -4.28058e+85 33.655
-1.10888e+87 1.41875e+87 -435.768
-7.82438e+85 -1.79771e+88 -896.035
1.11751e+89 1.40442e+89 -1333.21
-1.74427e+90 -4.10083e+89 -1733.93
1.62088e+91 -7.56862e+90 -2085.82
-8.02727e+91 1.59537e+92 -2377.87
-3.57013e+92 -1.74689e+93 -2600.78
1.35983e+94 1.14871e+94 -2747.26
-1.77614e+95 -5.98226e+93 -2812.25
1.42933e+96 -1.05114e+96 -2793.1
-4.70639e+96 1.70764e+97 -2689.67
-6.8675e+97 -1.6296e+98 -2504.38
1.5458e+99 8.52912e+98 -2242.11
-1.73906e+100 2.87028e+99 -1910.1
1.18583e+101 -1.30012e+101 -1517.77
-1.25836e+101 1.75229e+102 -1076.41
-9.84648e+102 -1.45144e+103 -598.917
1.66919e+104 5.29082e+103 -99.3506
