-17846.8 -3298.96 1881.69
-17480.8 7645.17 1885.83
-10710.9 16951.8 1889.41
665.797 21058.4 1892.41
12985.3 17924.9 1894.84
21857.2 7936.14 1896.71
23688 -5984.88 1898
17074.5 -19176.6 1898.73
3543.65 -26755.8 1898.88
-12697.3 -25373.9 1898.46
-26013.6 -14597.5 1897.47
-31247.2 2628.88 1895.9
-25645.9 20702.5 1893.77
-10117.9 33126.1 1891.07
10716.6 34781.8 1887.79
29820.3 23940.5 1883.95
40051.2 3246 1879.54
36753.5 -20791.1 1874.57
19714.2 -39761.4 1869.03
-6294.32 -46222.4 1862.92
-32732.7 -36512 1856.26
-50012.1 -12477.6 1849.04
-50878.2 18620.5 1841.26
-33299.4 46189.1 1832.92
-1752.64 59813.3 1824.04
33727.2 53070.6 1814.6
60622.7 26288.6 1804.61
68236 -12869.1 1794.09
51776.7 -51427.6 1783.02
14725.5 -75273.9 1771.41
-31569.7 -74180.3 1759.27
-71205.7 -45937.8 1746.6
-89043.3 2001.04 1733.4
-76303.5 54227.2 1719.68
-34431.3 92158.1 1705.44
24361.3 100477 1690.69
80420 73057.7 1675.42
113032 16153.5 1659.65
107862 -52582.7 1643.38
62843.1 -109341 1626.62
-9786.05 -132187 1609.36
-86447.2 -109250 1591.62
-139627 -44100.9 1573.39
-147493 43934 1554.69
-102440 125169 1535.52
-15352.2 169291 1515.89
86431.5 156342 1495.8
167359 85074.1 1475.26
195759 -24641.7 1454.27
155793 -136846 1432.85
54873.7 -210912 1410.98
-76596.6 -215865 1388.7
-193906 -142671 1365.99
-252828 -9833.19 1342.87
-225786 140482 1319.35
-113646 255327 1295.42
51625.8 289145 1271.1
215363 221142 1246.4
317739 65450.4 1221.32
315035 -130366 1195.88
197248 -299147 1170.07
-4734.05 -376566 1143.9
-226114 -324858 1117.39
-388250 -149365 1090.54
-425869 98909.6 1063.36
-312242 337105 1035.86
-72960.7 477372 1008.04
217922 458359 979.918
459806 270340 951.498
559427 -35842.8 922.789
465611 -360975 893.801
192317 -588562 864.541
-179634 -625474 835.018
-525023 -438325 805.241
-715215 -71882.4 775.22
-664680 359072 744.962
-366661 704248 714.478
96121.4 828897 683.777
572262 664541 652.866
889656 240852 621.757
916049 -314898 590.458
611399 -814005 558.979
52102 -1.06868e+06 527.329
-584663 -960559 495.517
-1.07496e+06 -491111 463.554
-1.22483e+06 206381 431.448
-944049 901602 399.21
-289913 1.34098e+06 366.849
538255 1.33767e+06 334.375
1.25688e+06 846574 301.797
1.59264e+06 -4345.41 269.126
1.38316e+06 -942648 236.371
647761 -1.63556e+06 203.542
-400568 -1.80494e+06 170.65
-1.41255e+06 -1.33431e+06 137.703
-2.01562e+06 -328270 104.711
-1.94729e+06 902588 71.6859
-1.16223e+06 1.93325e+06 38.6361
128408 2.36722e+06 5.57181
1.5072e+06 1.98398e+06 -27.4969
2.48094e+06 837726 -60.5601
2.65246e+06 -733633 -93.6079
1.87537e+06 -2.20196e+06 -126.63
333667 -3.02143e+06 -159.617
-1.49083e+06 -2.8256e+06 -192.559
-2.96285e+06 -1.57966e+06 -225.446
-3.50915e+06 372159 -258.267
-2.83387e+06 2.39245e+06 -291.014
-1.05536e+06 3.7522e+06 -323.676
1.29367e+06 3.88686e+06 -356.243
3.41691e+06 2.61926e+06 -388.705
4.51705e+06 264700 -421.054
4.08624e+06 -2.4325e+06 -453.278
2.1214e+06 -4.52533e+06 -485.369
-821905 -5.18799e+06 -517.316
-3.77347e+06 -4.02948e+06 -549.11
-5.65862e+06 -1.28152e+06 -580.742
-5.67894e+06 2.22073e+06 -612.201
-3.63203e+06 5.27997e+06 -643.479
-47631.4 6.7351e+06 -674.566
3.9289e+06 5.88817e+06 -705.453
6.88955e+06 2.8071e+06 -736.13
7.64927e+06 -1.619e+06 -766.587
5.70109e+06 -5.91793e+06 -796.817
1.47179e+06 -8.5099e+06 -826.809
-3.73603e+06 -8.27195e+06 -856.555
-8.127e+06 -4.9949e+06 -886.046
-1.00157e+07 444898 -915.273
-8.45222e+06 6.29135e+06 -944.226
-3.64538e+06 1.04566e+07 -972.898
2.99239e+06 1.12471e+07 -1001.28
9.23379e+06 8.02186e+06 -1029.36
1.27631e+07 1.53634e+06 -1057.14
1.20106e+07 -6.18711e+06 -1084.6
6.80291e+06 -1.24636e+07 -1111.73
-1.42821e+06 -1.48547e+07 -1138.53
-9.99954e+06 -1.20829e+07 -1165
-1.58233e+07 -4.61838e+06 -1191.11
-1.64902e+07 5.3095e+06 -1216.87
-1.12179e+07 1.43407e+07 -1242.26
-1.30663e+06 1.90905e+07 -1267.28
1.0117e+07 1.73806e+07 -1291.92
1.90486e+07 9.15858e+06 -1316.18
2.19728e+07 -3.26044e+06 -1340.04
1.71962e+07 -1.57899e+07 -1363.5
5.65392e+06 -2.38757e+07 -1386.55
-9.1554e+06 -2.41068e+07 -1409.19
-2.2177e+07 -1.55779e+07 -1431.4
-2.8479e+07 -480654 -1453.19
-2.50625e+07 1.63702e+07 -1474.54
-1.21562e+07 2.90178e+07 -1495.45
6.52917e+06 3.2414e+07 -1515.91
2.47891e+07 2.4354e+07 -1535.91
3.59252e+07 6.57678e+06 -1555.46
3.5135e+07 -1.54557e+07 -1574.53
2.14592e+07 -3.41599e+07 -1593.14
-1.466e+06 -4.23722e+07 -1611.27
-2.6254e+07 -3.60031e+07 -1628.91
-4.40671e+07 -1.58489e+07 -1646.07
-4.76851e+07 1.21877e+07 -1662.73
-3.43053e+07 3.87148e+07 -1678.89
-7.02604e+06 5.39081e+07 -1694.55
2.56657e+07 5.10464e+07 -1709.7
5.24233e+07 2.92847e+07 -1724.33
6.2876e+07 -5.4235e+06 -1738.45
5.15102e+07 -4.17844e+07 -1752.05
2.01862e+07 -6.67213e+07 -1765.12
-2.17687e+07 -6.99529e+07 -1777.66
-6.0178e+07 -4.80322e+07 -1789.67
-8.06749e+07 -6.31699e+06 -1801.14
-7.39178e+07 4.20617e+07 -1812.06
-3.95192e+07 8.01719e+07 -1822.45
1.28764e+07 9.30529e+07 -1832.28
6.60584e+07 7.33731e+07 -1841.57
1.0073e+08 2.48991e+07 -1850.3
1.02322e+08 -3.77162e+07 -1858.47
6.67945e+07 -9.31349e+07 -1866.09
3.21357e+06 -1.20411e+08 -1873.14
-6.81863e+07 -1.06662e+08 -1879.64
-1.22205e+08 -5.26087e+07 -1885.56
-1.37342e+08 2.62661e+07 -1890.92
-1.04015e+08 1.03817e+08 -1895.71
-2.93013e+07 1.51646e+08 -1899.94
6.39012e+07 1.49218e+08 -1903.59
1.43564e+08 9.21622e+07 -1906.66
1.79242e+08 -4.44219e+06 -1909.17
1.53337e+08 -1.09529e+08 -1911.1
6.88486e+07 -1.85692e+08 -1912.45
-4.95615e+07 -2.02154e+08 -1913.23
-1.62293e+08 -1.46674e+08 -1913.43
-2.27673e+08 -3.19467e+07 -1913.06
-2.16927e+08 1.06417e+08 -1912.11
-1.26011e+08 2.20471e+08 -1910.58
2.03273e+07 2.66112e+08 -1908.48
1.7456e+08 2.19556e+08 -1905.81
2.81311e+08 8.81291e+07 -1902.56
2.96716e+08 -8.91535e+07 -1898.74
2.05612e+08 -2.52486e+08 -1894.35
3.00584e+07 -3.40892e+08 -1889.39
-1.74803e+08 -3.14324e+08 -1883.85
-3.37388e+08 -1.70441e+08 -1877.75
-3.94031e+08 5.05926e+07 -1871.09
-3.13016e+08 2.76302e+08 -1863.86
-1.09469e+08 4.24929e+08 -1856.07
1.55249e+08 4.34256e+08 -1847.72
3.91075e+08 2.86319e+08 -1838.81
5.09053e+08 1.85826e+07 -1829.35
4.53873e+08 -2.83919e+08 -1819.34
2.27537e+08 -5.14593e+08 -1808.78
-1.05378e+08 -5.81872e+08 -1797.67
-4.34702e+08 -4.44157e+08 -1786.02
-6.40059e+08 -1.30196e+08 -1773.83
-6.33655e+08 2.64034e+08 -1761.11
-3.95684e+08 6.03273e+08 -1747.86
1.13521e+07 7.58154e+08 -1734.08
4.56811e+08 6.52966e+08 -1719.78
7.82388e+08 2.98844e+08 -1704.96
8.56912e+08 -2.012e+08 -1689.62
6.26977e+08 -6.80212e+08 -1673.77
1.44536e+08 -9.61445e+08 -1657.42
-4.41016e+08 -9.21742e+08 -1640.57
-9.27089e+08 -5.42013e+08 -1623.22
-1.12616e+09 7.49242e+07 -1605.39
-9.35688e+08 7.29065e+08 -1587.07
-3.84341e+08 1.18594e+09 -1568.27
3.64704e+08 1.25843e+09 -1548.99
1.05917e+09 8.7995e+08 -1529.25
1.4403e+09 1.41246e+08 -1509.05
1.33645e+09 -7.26164e+08 -1488.39
7.34744e+08 -1.41966e+09 -1467.28
-1.97604e+08 -1.66836e+09 -1445.72
-1.15543e+09 -1.33512e+09 -1423.73
-1.79238e+09 -4.80539e+08 -1401.31
-1.8428e+09 6.38502e+08 -1378.47
-1.22699e+09 1.64188e+09 -1355.21
-9.96906e+07 2.15189e+09 -1331.54
1.1818e+09 1.93109e+09 -1307.46
2.16665e+09 9.83535e+08 -1283
2.46496e+09 -4.21486e+08 -1258.14
1.89626e+09 -1.81983e+09 -1232.9
5.77108e+08 -2.70125e+09 -1207.29
-1.09026e+09 -2.69052e+09 -1181.31
-2.53468e+09 -1.69827e+09 -1154.98
-3.20652e+09 1.65663e+07 -1128.29
-2.78017e+09 1.90466e+09 -1101.27
-1.29618e+09 3.29613e+09 -1073.91
8.15291e+08 3.63201e+09 -1046.22
2.85045e+09 2.67954e+09 -1018.22
4.05972e+09 6.51075e+08 -989.91
3.9161e+09 -1.82672e+09 -961.299
2.33048e+09 -3.89795e+09 -932.395
-2.70136e+08 -4.76537e+09 -903.209
-3.04423e+09 -3.98702e+09 -873.748
-4.99909e+09 -1.67446e+09 -844.022
-5.33673e+09 1.49006e+09 -814.039
-3.76501e+09 4.44248e+09 -783.809
-6.57019e+08 6.08481e+09 -753.34
3.01535e+09 5.68161e+09 -722.642
5.97292e+09 3.16592e+09 -691.724
7.06326e+09 -7.66434e+08 -660.595
5.69381e+09 -4.83067e+09 -629.265
2.1064e+09 -7.55959e+09 -597.743
-2.62365e+09 -7.81921e+09 -566.038
-6.89223e+09 -5.25672e+09 -534.16
-9.09566e+09 -5.10801e+08 -502.118
-8.2151e+09 4.91747e+09 -469.923
-4.24897e+09 9.12143e+09 -437.584
1.68014e+09 1.04412e+10 -405.11
7.61696e+09 8.09425e+09 -372.511
1.1399e+10 2.55246e+09 -339.798
1.14227e+10 -4.49886e+09 -306.979
7.28665e+09 -1.06481e+10 -274.066
6.29127e+07 -1.35602e+10 -241.067
-7.93905e+09 -1.18356e+10 -207.993
-1.38848e+10 -5.6179e+09 -174.853
-1.53927e+10 3.29705e+09 -141.659
-1.14493e+10 1.19427e+10 -108.418
-2.92158e+09 1.71405e+10 -75.1423
7.56236e+09 1.6636e+10 -41.8411
1.63868e+10 1.00167e+10 -8.52442
2.01627e+10 -9.44727e+08 24.7976
1.69864e+10 -1.2708e+10 58.115
7.28817e+09 -2.10705e+10 91.4176
-6.07977e+09 -2.26295e+10 124.696
-1.863e+10 -1.61055e+10 157.939
-2.57039e+10 -3.03069e+09 191.137
-2.41511e+10 1.25155e+10 224.281
-1.36356e+10 2.51267e+10 257.36
2.94816e+09 2.99005e+10 290.365
2.01916e+10 2.4278e+10 323.284
3.18803e+10 9.22093e+09 356.11
3.31743e+10 -1.07705e+10 388.83
2.25152e+10 -2.89275e+10 421.437
2.53723e+09 -3.84421e+10 453.92
-2.04541e+10 -3.49435e+10 486.268
-3.8396e+10 -1.83461e+10 518.473
-4.42228e+10 6.67193e+09 550.525
-3.45444e+10 3.18746e+10 582.413
-1.12664e+10 4.80975e+10 614.129
1.85509e+10 4.84904e+10 645.663
4.4726e+10 3.1255e+10 677.005
5.73402e+10 8.28357e+08 708.146
5.03791e+10 -3.30814e+10 739.077
2.43325e+10 -5.84822e+10 769.788
-1.33041e+10 -6.52284e+10 800.269
-5.0028e+10 -4.89114e+10 830.513
-7.23619e+10 -1.30654e+10 860.509
-7.0663e+10 3.12894e+10 890.248
-4.30375e+10 6.88804e+10 919.722
3.15891e+09 8.53024e+10 948.922
5.30344e+10 7.2358e+10 977.838
8.87996e+10 3.16936e+10 1006.46
9.59465e+10 -2.47714e+10 1034.79
6.88787e+10 -7.81138e+10 1062.8
1.38819e+10 -1.0857e+11 1090.5
-5.19236e+10 -1.02648e+11 1117.87
-1.05689e+11 -5.87034e+10 1144.91
-1.26564e+11 1.12271e+10 1171.6
-1.03503e+11 8.43783e+10 1197.95
-4.0315e+10 1.34431e+11 1223.94
4.41701e+10 1.40732e+11 1249.56
1.21394e+11 9.64105e+10 1274.8
1.62457e+11 1.23234e+10 1299.67
1.48616e+11 -8.50462e+10 1324.14
7.91731e+10 -1.61606e+11 1348.22
-2.63801e+10 -1.87284e+11 1371.9
-1.33357e+11 -1.47401e+11 1395.16
-2.02925e+11 -4.96373e+10 1418.01
-2.05823e+11 7.64362e+10 1440.43
-1.34024e+11 1.87839e+11 1462.42
-5.88069e+09 2.42443e+11 1483.97
1.37804e+11 2.14412e+11 1505.08
2.46298e+11 1.05321e+11 1525.74
2.76386e+11 -5.35548e+10 1545.93
2.08909e+11 -2.09527e+11 1565.67
5.82511e+10 -3.05458e+11 1584.93
-1.29385e+11 -3.00113e+11 1603.72
-2.89493e+11 -1.84851e+11 1622.03
-3.60853e+11 9.82092e+09 1639.85
-3.08183e+11 2.21269e+11 1657.18
-1.37707e+11 3.74197e+11 1674.02
1.00773e+11 4.06761e+11 1690.35
3.27468e+11 2.9451e+11 1706.17
4.58538e+11 6.32053e+10 1721.48
4.36226e+11 -2.15315e+11 1736.27
2.52624e+11 -4.44498e+11 1750.55
-4.22283e+10 -5.35673e+11 1764.29
-3.52523e+11 -4.41187e+11 1777.51
-5.66805e+11 -1.76057e+11 1790.19
-5.96953e+11 1.80948e+11 1802.34
-4.1273e+11 5.09345e+11 1813.94
-5.88493e+10 6.86478e+11 1825
3.53476e+11 6.31985e+11 1835.51
6.8011e+11 3.41505e+11 1845.47
7.9307e+11 -1.03789e+11 1854.88
6.28854e+11 -5.57821e+11 1863.72
2.18319e+11 -8.56062e+11 1872.01
-3.14694e+11 -8.73544e+11 1879.73
-7.88767e+11 -5.74544e+11 1886.89
-1.02499e+12 -3.49216e+10 1893.48
-9.12411e+11 5.73847e+11 1899.51
-4.5559e+11 1.03716e+12 1904.96
2.15009e+11 1.17099e+12 1909.84
8.77376e+11 8.92111e+11 1914.14
1.28929e+12 2.58996e+11 1917.87
1.27447e+12 -5.34692e+11 1921.02
7.93694e+11 -1.21653e+12 1923.59
-2.65664e+10 -1.52637e+12 1925.59
-9.2291e+11 -1.3124e+12 1927
-1.57667e+12 -5.97844e+11 1927.84
-1.72427e+12 4.09278e+11 1928.09
-1.25899e+12 1.37257e+12 1927.77
-2.86294e+11 1.93642e+12 1926.86
8.92425e+11 1.85362e+12 1925.38
1.8692e+12 1.08672e+12 1923.31
2.26698e+12 -1.5636e+11 1920.67
1.88029e+12 -1.47243e+12 1917.44
7.68004e+11 -2.38957e+12 1913.64
-7.40431e+11 -2.53187e+12 1909.27
-2.13678e+12 -1.76645e+12 1904.32
-2.9005e+12 -2.77326e+11 1898.79
-2.68716e+12 1.46856e+12 1892.7
-1.47234e+12 2.86185e+12 1886.03
4.06009e+11 3.358e+12 1878.79
2.33281e+12 2.6824e+12 1870.99
3.61102e+12 9.58714e+11 1862.63
3.70705e+12 -1.29454e+12 1853.7
2.46231e+12 -3.31167e+12 1844.22
1.90179e+11 -4.33297e+12 1834.18
-2.38882e+12 -3.88215e+12 1823.58
-4.36701e+12 -1.96958e+12 1812.44
-4.96074e+12 8.60659e+11 1800.75
-3.8089e+12 3.67321e+12 1788.52
-1.14869e+12 5.44135e+12 1775.74
2.20823e+12 5.41159e+12 1762.44
5.11148e+12 3.40678e+12 1748.6
6.45572e+12 -4.90473e+10 1734.23
5.5881e+12 -3.84833e+12 1719.34
2.59351e+12 -6.64257e+12 1703.93
-1.65923e+12 -7.30847e+12 1688.01
-5.75203e+12 -5.38086e+12 1671.58
-8.17677e+12 -1.29097e+12 1654.64
-7.8755e+12 3.69698e+12 1637.2
-4.67297e+12 7.8593e+12 1619.27
5.67198e+11 9.59297e+12 1600.85
6.14859e+12 8.01232e+12 1581.95
1.00731e+13 3.34679e+12 1562.57
1.07373e+13 -3.02611e+12 1542.72
7.55849e+12 -8.96265e+12 1522.4
1.29302e+12 -1.2254e+13 1501.62
-6.09872e+12 -1.14242e+13 1480.39
-1.2041e+13 -6.34484e+12 1458.71
-1.4217e+13 1.57766e+12 1436.59
-1.14399e+13 9.75363e+12 1414.04
-4.2039e+12 1.52303e+13 1391.05
5.32056e+12 1.57299e+13 1367.65
1.39021e+13 1.05498e+13 1343.84
1.83151e+13 9.83897e+11 1319.61
1.65157e+13 -9.94074e+12 1294.99
8.50997e+12 -1.83853e+13 1269.98
-3.4338e+12 -2.10134e+13 1244.58
-1.53751e+13 -1.62592e+13 1218.81
-2.29625e+13 -5.08318e+12 1192.66
-2.29758e+13 9.11363e+12 1166.16
-1.46184e+13 2.14739e+13 1139.3
-6.02964e+10 2.73016e+13 1112.1
1.60419e+13 2.37903e+13 1084.56
2.79822e+13 1.12428e+13 1056.69
3.09745e+13 -6.71341e+12 1028.5
2.29928e+13 -2.41008e+13 999.996
5.79824e+12 -3.4524e+13 971.191
-1.5307e+13 -3.34568e+13 942.092
-3.30412e+13 -2.00867e+13 912.706
-4.05898e+13 2.00074e+12 883.044
-3.41371e+13 2.56686e+13 853.113
-1.45704e+13 4.24577e+13 822.923
1.23514e+13 4.5531e+13 792.482
3.75874e+13 3.23346e+13 761.801
5.17655e+13 5.976e+12 730.888
4.85631e+13 -2.53162e+13 699.752
2.733e+13 -5.06553e+13 668.403
-6.08198e+12 -6.01854e+13 636.85
-4.07713e+13 -4.8781e+13 605.102
-6.42309e+13 -1.84088e+13 573.17
-6.67383e+13 2.1847e+13 541.063
-4.5189e+13 5.83511e+13 508.79
-4.92015e+12 7.74093e+13 476.361
4.1352e+13 7.0253e+13 443.787
7.7394e+13 3.67489e+13 411.075
8.90028e+13 -1.36493e+13 378.238
6.93936e+13 -6.43434e+13 345.284
2.24477e+13 -9.68917e+13 312.223
-3.75865e+13 -9.75369e+13 279.065
-9.02016e+13 -6.27079e+13 245.821
-1.15449e+14 -1.38712e+12 212.499
-1.01268e+14 6.68507e+13 179.111
-4.87032e+13 1.17864e+14 145.667
2.71049e+13 1.31262e+14 112.175
1.00963e+14 9.82303e+13 78.6472
1.45753e+14 2.5951e+13 45.0928
1.42115e+14 -6.33421e+13 11.5219
8.63119e+13 -1.3889e+14 -22.0553
-6.77745e+12 -1.71727e+14 -55.6287
-1.0713e+14 -1.45422e+14 -89.1881
-1.78939e+14 -6.33753e+13 -122.724
-1.93051e+14 5.03428e+13 -156.225
-1.38294e+14 1.57607e+14 -189.682
-2.74176e+13 2.18655e+14 -223.085
1.05042e+14 2.06411e+14 -256.423
2.13075e+14 1.17672e+14 -289.688
2.54761e+14 -2.32234e+13 -322.867
2.07973e+14 -1.70389e+14 -355.953
8.05098e+13 -2.70853e+14 -388.934
-8.96181e+13 -2.83125e+14 -421.801
-2.44878e+14 -1.93513e+14 -454.543
-3.27141e+14 -2.40161e+13 -487.152
-2.98797e+14 1.71954e+14 -519.616
-1.58611e+14 3.25756e+14 -551.927
5.40287e+13 3.76937e+14 -584.075
2.69214e+14 2.96116e+14 -616.049
4.088e+14 9.89436e+13 -647.841
4.14018e+14 -1.54899e+14 -679.441
2.68916e+14 -3.78839e+14 -710.838
1.06532e+13 -4.88149e+14 -742.025
-2.78495e+14 -4.3101e+14 -772.99
-4.96396e+14 -2.10841e+14 -803.726
-5.56197e+14 1.09177e+14 -834.222
-4.19578e+14 4.22872e+14 -864.47
-1.15784e+14 6.15276e+14 -894.46
2.61965e+14 6.03597e+14 -924.184
5.83752e+14 3.70751e+14 -953.632
7.26472e+14 -2.1539e+13 -982.795
6.19394e+14 -4.46997e+14 -1011.66
2.75419e+14 -7.54059e+14 -1040.23
-2.04882e+14 -8.18454e+14 -1068.49
-6.60744e+14 -5.91345e+14 -1096.43
-9.23502e+14 -1.25009e+14 -1124.04
-8.77217e+14 4.35637e+14 -1151.31
-5.06443e+14 8.96162e+14 -1178.24
8.76415e+13 1.07828e+15 -1204.82
7.11906e+14 8.86533e+14 -1231.04
1.14203e+15 3.51688e+14 -1256.89
1.20098e+15 -3.67232e+14 -1282.36
8.28472e+14 -1.0275e+15 -1307.45
1.15124e+14 -1.3824e+15 -1332.15
-7.1476e+14 -1.27067e+15 -1356.45
-1.37096e+15 -6.84236e+14 -1380.34
-1.59621e+15 2.12843e+14 -1403.82
-1.26337e+15 1.12616e+15 -1426.88
-4.3536e+14 1.72461e+15 -1449.51
6.37862e+14 1.7572e+15 -1471.7
1.59087e+15 1.15289e+15 -1493.46
2.06382e+15 6.52924e+13 -1514.77
1.83418e+15 -1.15981e+15 -1535.62
9.1218e+14 -2.09039e+15 -1556.02
-4.38616e+14 -2.35655e+15 -1575.94
-1.77082e+15 -1.79183e+15 -1595.4
-2.59705e+15 -5.15136e+14 -1614.37
-2.56332e+15 1.08275e+15 -1632.86
-1.59202e+15 2.45317e+15 -1650.87
6.09576e+13 3.07296e+15 -1668.37
1.86455e+15 2.6378e+15 -1685.38
3.1773e+15 1.19595e+15 -1701.88
3.46953e+15 -8.32454e+14 -1717.87
2.52805e+15 -2.7696e+15 -1733.34
5.66929e+14 -3.90007e+15 -1748.29
-1.80583e+15 -3.7276e+15 -1762.72
-3.76864e+15 -2.17878e+15 -1776.62
-4.56343e+15 3.259e+14 -1789.98
-3.77845e+15 2.97371e+15 -1802.81
-1.53456e+15 4.81478e+15 -1815.1
1.50313e+15 5.09388e+15 -1826.84
4.3107e+15 3.54601e+15 -1838.03
5.84105e+15 5.44155e+14 -1848.67
5.40298e+15 -2.96985e+15 -1858.75
2.95031e+15 -5.76909e+15 -1868.28
-8.33868e+14 -6.7588e+15 -1877.24
-4.70986e+15 -5.38915e+15 -1885.64
-7.27489e+15 -1.91254e+15 -1893.48
-7.45721e+15 2.62449e+15 -1900.74
-4.94125e+15 6.67956e+15 -1907.43
-3.61687e+14 8.72466e+15 -1913.55
4.8285e+15 7.8044e+15 -1919.09
8.80191e+15 3.94406e+15 -1924.06
9.98343e+15 -1.75708e+15 -1928.45
7.65062e+15 -7.41405e+15 -1932.25
2.28608e+15 -1.09609e+16 -1935.48
-4.47239e+15 -1.08845e+16 -1938.12
-1.03078e+16 -6.83398e+15 -1940.18
-1.29973e+16 1.30345e+14 -1941.66
-1.12319e+16 7.77535e+15 -1942.55
-5.18911e+15 1.33864e+16 -1942.86
3.37637e+15 1.47063e+16 -1942.58
1.16071e+16 1.08053e+16 -1941.72
1.64689e+16 2.55913e+15 -1940.28
1.5838e+16 -7.48181e+15 -1938.25
9.3698e+15 -1.58463e+16 -1935.63
-1.18891e+15 -1.93111e+16 -1932.44
-1.24184e+16 -1.61014e+16 -1928.66
-2.02969e+16 -6.68891e+15 -1924.3
-2.16031e+16 6.14512e+15 -1919.36
-1.51739e+16 1.80818e+16 -1913.84
-2.54331e+15 2.46778e+16 -1907.75
1.23347e+16 2.2971e+16 -1901.08
2.42737e+16 1.27154e+16 -1893.84
2.86159e+16 -3.24595e+15 -1886.03
2.29847e+16 -1.96933e+16 -1877.65
8.38934e+15 -3.06844e+16 -1868.71
-1.07891e+16 -3.16435e+16 -1859.2
-2.80413e+16 -2.11723e+16 -1849.13
-3.68794e+16 -1.89128e+15 -1838.5
-3.32031e+16 2.00949e+16 -1827.32
-1.70435e+16 3.70575e+16 -1815.59
7.01624e+15 4.22903e+16 -1803.31
3.10349e+16 3.266e+16 -1790.49
4.62561e+16 1.01218e+16 -1777.13
4.62135e+16 -1.84613e+16 -1763.23
2.93266e+16 -4.33058e+16 -1748.8
-1.2226e+13 -5.49677e+16 -1733.84
-3.24142e+16 -4.78193e+16 -1718.36
-5.63927e+16 -2.24986e+16 -1702.36
-6.23293e+16 1.3668e+16 -1685.85
-4.61744e+16 4.86355e+16 -1668.82
-1.15049e+16 6.95368e+16 -1651.3
3.09819e+16 6.7285e+16 -1633.27
6.66215e+16 4.02797e+16 -1614.76
8.17112e+16 -4.22682e+15 -1595.75
6.86038e+16 -5.18466e+16 -1576.26
2.91274e+16 -8.5553e+16 -1556.3
-2.50904e+16 -9.16089e+16 -1535.87
-7.58343e+16 -6.49166e+16 -1514.97
-1.04251e+17 -1.17784e+16 -1493.62
-9.76501e+16 5.12078e+16 -1471.81
-5.47767e+16 1.0212e+17 -1449.56
1.25396e+16 1.21144e+17 -1426.87
8.23251e+16 9.80131e+16 -1403.75
1.29409e+17 3.67488e+16 -1380.2
1.3426e+17 -4.43121e+16 -1356.24
9.06952e+16 -1.17702e+17 -1331.87
9.52705e+15 -1.55875e+17 -1307.09
-8.35994e+16 -1.41241e+17 -1281.92
-1.56e+17 -7.36092e+16 -1256.36
-1.79126e+17 2.79163e+16 -1230.42
-1.39398e+17 1.29885e+17 -1204.11
-4.47206e+16 1.95186e+17 -1177.44
7.61517e+16 1.96191e+17 -1150.4
1.81913e+17 1.25811e+17 -1123.02
2.32445e+17 2.2277e+15 -1095.3
2.0356e+17 -1.35089e+17 -1067.25
9.74792e+16 -2.37537e+17 -1038.87
-5.52137e+16 -2.64142e+17 -1010.18
-2.03753e+17 -1.97277e+17 -981.177
-2.93577e+17 -5.15347e+16 -951.88
-2.85816e+17 1.28225e+17 -922.294
-1.73095e+17 2.80055e+17 -892.429
1.44858e+16 3.45711e+17 -862.292
2.16401e+17 2.92258e+17 -831.893
3.60574e+17 1.2672e+17 -801.241
3.88431e+17 -1.02302e+17 -770.345
2.77661e+17 -3.17992e+17 -739.215
5.41308e+16 -4.40361e+17 -707.86
-2.12496e+17 -4.15061e+17 -676.289
-4.29568e+17 -2.35872e+17 -644.512
-5.12807e+17 4.80035e+16 -612.538
-4.17887e+17 3.44068e+17 -580.378
-1.60768e+17 5.45713e+17 -548.039
1.81817e+17 5.69589e+17 -515.534
4.9397e+17 3.88408e+17 -482.87
6.58762e+17 4.67513e+16 -450.058
6.00738e+17 -3.47664e+17 -417.108
3.17744e+17 -6.56633e+17 -384.029
-1.10623e+17 -7.58636e+17 -350.833
-5.43469e+17 -5.94865e+17 -317.528
-8.23537e+17 -1.97206e+17 -284.124
-8.32799e+17 3.13891e+17 -250.632
-5.39566e+17 7.64048e+17 -217.062
-1.90594e+16 9.82861e+17 -183.424
5.62815e+17 8.66406e+17 -149.727
1.00044e+18 4.22065e+17 -115.983
1.11928e+18 -2.22532e+17 -82.2012
8.42683e+17 -8.53438e+17 -48.3917
2.30101e+17 -1.23933e+18 -14.5647
-5.30377e+17 -1.21396e+18 19.2695
-1.17711e+18 -7.4359e+17 53.1008
-1.46253e+18 4.69208e+16 86.9189
-1.24486e+18 9.02988e+17 120.714
-5.5082e+17 1.51952e+18 154.475
4.16502e+17 1.64682e+18 188.193
1.3332e+18 1.18734e+18 221.857
1.85993e+18 2.47166e+17 255.457
1.764e+18 -8.81379e+17 288.982
1.01525e+18 -1.80676e+18 322.424
-1.8173e+17 -2.17052e+18 355.772
-1.43765e+18 -1.78141e+18 389.015
-2.30102e+18 -7.02477e+17 422.144
-2.41619e+18 7.4524e+17 455.149
-1.66296e+18 2.07277e+18 488.019
-2.25017e+17 2.7838e+18 520.745
1.44527e+18 2.55479e+18 553.318
2.76356e+18 1.37089e+18 585.727
3.21267e+18 -4.36337e+17 617.962
2.53807e+18 -2.27352e+18 650.013
8.68085e+17 -3.47435e+18 681.872
-1.29283e+18 -3.53472e+18 713.529
-3.20859e+18 -2.31337e+18 744.973
-4.15548e+18 -1.21355e+17 776.195
-3.68715e+18 2.34408e+18 807.187
-1.8263e+18 4.21313e+18 837.938
8.94616e+17 4.74238e+18 868.44
3.57403e+18 3.59889e+18 898.683
5.23125e+18 1.02443e+18 928.658
5.15553e+18 -2.19249e+18 958.356
3.19327e+18 -4.94685e+18 987.768
-1.37768e+17 -6.18661e+18 1016.89
-3.76689e+18 -5.30165e+18 1045.7
-6.40284e+18 -2.39229e+18 1074.2
-6.98127e+18 1.69299e+18 1102.38
-5.07626e+18 5.58851e+18 1130.23
-1.12233e+18 7.85494e+18 1157.74
3.65398e+18 7.49607e+18 1184.91
7.59822e+18 4.36818e+18 1211.72
9.18613e+18 -6.78481e+17 1238.17
7.59274e+18 -6.00558e+18 1264.25
3.06602e+18 -9.70129e+18 1289.96
-3.05124e+18 -1.02484e+19 1315.27
-8.69626e+18 -7.11821e+18 1340.19
-1.17627e+19 -1.06698e+18 1364.71
-1.08635e+19 6.00576e+18 1388.83
-5.91174e+18 1.16296e+19 1412.52
1.71194e+18 1.36037e+19 1435.79
9.50892e+18 1.08271e+19 1458.64
1.46562e+19 3.81499e+18 1481.04
1.5001e+19 -5.32048e+18 1503
9.91572e+18 -1.34724e+19 1524.51
6.85497e+17 -1.75675e+19 1545.57
-9.75961e+18 -1.56893e+19 1566.16
-1.77405e+19 -7.89765e+18 1586.28
-2.00914e+19 3.58645e+18 1605.92
-1.5367e+19 1.49644e+19 1625.09
-4.549e+18 2.20792e+19 1643.76
9.05771e+18 2.18924e+19 1661.95
2.07866e+19 1.37087e+19 1679.63
2.61673e+19 -3.26042e+17 1696.81
2.25756e+19 -1.57094e+19 1713.48
1.03819e+19 -2.69768e+19 1729.64
-6.86974e+18 -2.95922e+19 1745.28
-2.34219e+19 -2.1698e+19 1760.39
-3.317e+19 -5.07179e+18 1774.97
-3.18505e+19 1.51409e+19 1789.03
-1.8787e+19 3.19498e+19 1802.54
2.4882e+18 3.8874e+19 1815.51
2.50812e+19 3.23568e+19 1827.94
4.08972e+19 1.33677e+19 1839.82
4.34642e+19 -1.24779e+19 1851.15
3.04618e+19 -3.64791e+19 1861.92
4.99976e+18 -4.96971e+19 1872.13
-2.49463e+19 -4.6188e+19 1881.77
-4.89333e+19 -2.54815e+19 1890.86
-5.75975e+19 6.67524e+18 1899.37
-4.61796e+19 3.97619e+19 1907.31
-1.67404e+19 6.18191e+19 1914.68
2.18769e+19 6.36563e+19 1921.47
5.65602e+19 4.24898e+19 1927.69
7.42599e+19 3.62728e+18 1933.33
6.67506e+19 -4.06203e+19 1938.38
3.41329e+19 -7.46927e+19 1942.85
-1.43331e+19 -8.51103e+19 1946.74
-6.26436e+19 -6.56037e+19 1950.04
-9.31787e+19 -2.01522e+19 1952.76
-9.2953e+19 3.7395e+19 1954.89
-5.88325e+19 8.73327e+19 1956.43
2.93645e+17 1.10669e+20 1957.38
6.54948e+19 9.61178e+19 1957.74
1.13648e+20 4.50212e+19 1957.51
1.25423e+20 -2.78233e+19 1956.69
9.27266e+19 -9.81457e+19 1955.29
2.28228e+19 -1.40057e+20 1953.3
-6.27064e+19 -1.35316e+20 1950.71
-1.34329e+20 -8.07705e+19 1947.54
-1.64492e+20 8.90994e+18 1943.79
-1.37869e+20 1.0472e+20 1939.45
-5.82246e+19 1.7239e+20 1934.52
5.09637e+19 1.84317e+20 1929.01
1.52998e+20 1.30328e+20 1922.92
2.09949e+20 2.32036e+19 1916.26
1.96352e+20 -1.03577e+20 1909.01
1.09784e+20 -2.0587e+20 1901.19
-2.58395e+19 -2.43842e+20 1892.79
-1.66228e+20 -1.96931e+20 1883.83
-2.60723e+20 -7.33544e+19 1874.3
-2.70094e+20 8.98723e+19 1864.2
-1.82024e+20 2.37417e+20 1853.54
-1.84183e+19 3.13876e+20 1842.33
1.69005e+20 2.83956e+20 1830.55
3.14441e+20 1.47437e+20 1818.23
3.60504e+20 -5.70815e+19 1805.35
2.80019e+20 -2.62184e+20 1791.94
8.90823e+19 -3.93194e+20 1777.98
-1.54279e+20 -3.94626e+20 1763.48
-3.66868e+20 -2.52409e+20 1748.46
-4.68002e+20 -3.34745e+18 1732.9
-4.09174e+20 2.72975e+20 1716.83
-1.95096e+20 4.7872e+20 1700.23
1.12457e+20 5.31536e+20 1683.12
4.11188e+20 3.96187e+20 1665.51
5.91321e+20 1.0232e+20 1647.39
5.74817e+20 -2.59558e+20 1628.77
3.47129e+20 -5.64693e+20 1609.66
-3.08568e+19 -6.95963e+20 1590.07
-4.3712e+20 -5.87356e+20 1570
-7.26578e+20 -2.53366e+20 1549.45
-7.81543e+20 2.0787e+20 1528.43
-5.57468e+20 6.41585e+20 1506.95
-1.06828e+20 8.86861e+20 1485.02
4.29857e+20 8.34619e+20 1462.64
8.66021e+20 4.72787e+20 1439.81
1.03222e+21 -9.9157e+19 1416.55
8.39664e+20 -6.9477e+20 1392.86
3.21009e+20 -1.09949e+21 1368.75
-3.68847e+20 -1.14588e+21 1344.23
-9.96429e+20 -7.79579e+20 1319.3
-1.32654e+21 -9.0902e+19 1293.97
-1.20779e+21 7.02906e+20 1268.25
-6.36512e+20 1.32358e+21 1242.15
2.26434e+20 1.52685e+21 1215.67
1.0971e+21 1.195e+21 1188.82
1.65902e+21 3.93012e+20 1161.61
1.67517e+21 -6.36044e+20 1134.05
1.08259e+21 -1.54093e+21 1106.14
3.35626e+19 -1.97892e+21 1077.9
-1.13738e+21 -1.74161e+21 1049.34
-2.0163e+21 -8.44864e+20 1020.45
-2.2524e+21 4.53509e+20 991.256
-1.69243e+21 1.72238e+21 961.761
-4.57206e+20 2.49631e+21 931.973
1.07377e+21 2.44152e+21 901.903
2.37355e+21 1.49134e+21 871.559
2.94433e+21 -1.01625e+20 840.95
2.50191e+21 -1.82411e+21 810.085
1.10155e+21 -3.06201e+21 778.974
-8.4662e+20 -3.31357e+21 747.626
-2.68999e+21 -2.384e+21 716.05
-3.74588e+21 -4.88526e+20 684.256
-3.54722e+21 1.78315e+21 652.253
-2.03521e+21 3.64258e+21 620.051
3.76506e+20 4.36911e+21 587.66
2.90319e+21 3.57954e+21 555.09
4.63616e+21 1.40306e+21 522.349
4.86095e+21 -1.51225e+21 489.449
3.33796e+21 -4.18132e+21 456.398
4.39411e+20 -5.60584e+21 423.207
-2.92233e+21 -5.13658e+21 389.887
-5.57069e+21 -2.74654e+21 356.446
-6.46606e+21 8.94218e+20 322.895
-5.09886e+21 4.5898e+21 289.243
-1.73074e+21 6.9993e+21 255.502
2.62021e+21 7.11025e+21 221.682
6.4713e+21 4.64189e+21 187.791
8.36698e+21 2.2399e+20 153.842
7.41201e+21 -4.73746e+21 119.843
3.65633e+21 -8.49138e+21 85.8049
-1.82438e+21 -9.54363e+21 51.7384
-7.21335e+21 -7.22828e+21 17.6534
-1.05373e+22 -2.03693e+21 -16.4397
-1.03691e+22 4.43946e+21 -50.5308
-6.40491e+21 9.97531e+21 -84.6095
3.07653e+20 1.24551e+22 -118.666
7.60997e+21 1.06556e+22 -152.689
1.29028e+22 4.78516e+21 -186.669
1.40474e+22 -3.44273e+21 -220.596
1.01929e+22 -1.12764e+22 -254.459
2.22119e+21 -1.58201e+22 -288.249
-7.39339e+21 -1.50742e+22 -321.955
-1.53192e+22 -8.75744e+21 -355.566
-1.84915e+22 1.41097e+21 -389.074
-1.52574e+22 1.21284e+22 -422.467
-6.12544e+21 1.9547e+22 -455.736
6.19333e+21 2.06185e+22 -488.87
1.75433e+22 1.42888e+22 -521.86
2.36875e+22 2.09062e+21 -554.696
2.18425e+22 -1.21448e+22 -587.368
1.18454e+22 -2.34432e+22 -619.865
-3.51329e+21 -2.73804e+22 -652.179
-1.91977e+22 -2.17521e+22 -684.299
-2.95265e+22 -7.60913e+21 -716.216
-3.01761e+22 1.07853e+22 -747.921
-1.98978e+22 2.7173e+22 -779.402
-1.29416e+21 3.53726e+22 -810.652
1.97262e+22 3.154e+22 -841.66
3.57563e+22 1.58138e+22 -872.418
4.04333e+22 -7.31907e+21 -902.916
3.08657e+22 -3.02037e+22 -933.144
9.05061e+21 -4.44751e+22 -963.094
-1.83434e+22 -4.40324e+22 -992.757
-4.19175e+22 -2.74984e+22 -1022.12
-5.26821e+22 7.84504e+20 -1051.19
-4.53753e+22 3.17388e+22 -1079.93
-2.07703e+22 5.43642e+22 -1108.36
1.39759e+22 5.95455e+22 -1136.45
4.72625e+22 4.35707e+22 -1164.21
6.68073e+22 1.00489e+22 -1191.61
6.40518e+22 -3.06397e+22 -1218.66
3.76683e+22 -6.44177e+22 -1245.35
-5.19985e+21 -7.82543e+22 -1271.66
-5.06554e+22 -6.50225e+22 -1297.59
-8.24053e+22 -2.67135e+22 -1323.13
-8.74472e+22 2.53351e+22 -1348.28
-6.11513e+22 7.35939e+22 -1373.03
-9.82298e+21 1.00082e+23 -1397.36
5.04515e+22 9.287e+22 -1421.27
9.86441e+22 5.10634e+22 -1444.76
1.15931e+23 -1.37214e+22 -1467.82
9.27805e+22 -8.02801e+22 -1490.43
3.34015e+22 -1.24545e+23 -1512.6
-4.43572e+22 -1.28054e+23 -1534.32
-1.14083e+23 -8.52694e+22 -1555.57
-1.49528e+23 -6.93949e+21 -1576.36
-1.34193e+23 8.21092e+22 -1596.68
-6.83554e+22 1.50549e+23 -1616.52
2.92738e+22 1.71286e+23 -1635.87
1.26444e+23 1.31776e+23 -1654.73
1.87699e+23 4.0117e+22 -1673.1
1.86963e+23 -7.57436e+22 -1690.96
1.18022e+23 -1.76118e+23 -1708.32
-1.13285e+21 -2.22812e+23 -1725.16
-1.32334e+23 -1.93197e+23 -1741.49
-2.29031e+23 -9.00866e+22 -1757.29
-2.52383e+23 5.66316e+22 -1772.56
-1.8621e+23 1.98054e+23 -1787.31
-4.52646e+22 2.82095e+23 -1801.51
1.26911e+23 2.7213e+23 -1815.18
2.70844e+23 1.61961e+23 -1828.3
3.31133e+23 -1.87438e+22 -1840.87
2.77064e+23 -2.11513e+23 -1852.89
1.16382e+23 -3.47363e+23 -1864.35
-1.03509e+23 -3.70843e+23 -1875.25
-3.08674e+23 -2.61645e+23 -1885.59
-4.22813e+23 -4.56891e+22 -1895.36
-3.94816e+23 2.09496e+23 -1904.56
-2.20025e+23 4.15024e+23 -1913.19
5.3217e+22 4.9081e+23 -1921.24
3.35637e+23 3.95674e+23 -1928.72
5.25283e+23 1.46411e+23 -1935.62
5.4335e+23 -1.82265e+23 -1941.93
3.65314e+23 -4.78892e+23 -1947.66
3.5546e+22 -6.32029e+23 -1952.81
-3.41654e+23 -5.70873e+23 -1957.36
-6.33798e+23 -2.95301e+23 -1961.33
-7.25538e+23 1.16689e+23 -1964.71
-5.6249e+23 5.29235e+23 -1967.5
-1.77428e+23 7.92068e+23 -1969.7
3.12548e+23 7.9376e+23 -1971.3
7.39866e+23 5.06389e+23 -1972.31
9.42262e+23 4.44899e+21 -1972.73
8.2247e+23 -5.51594e+23 -1972.55
3.90451e+23 -9.64781e+23 -1971.78
-2.29015e+23 -1.06961e+24 -1970.41
-8.298e+23 -7.95647e+23 -1968.46
-1.19103e+24 -2.0311e+23 -1965.91
-1.15603e+24 5.25392e+23 -1962.76
-6.96123e+23 1.13862e+24 -1959.03
6.55314e+22 1.40106e+24 -1954.71
8.82944e+23 1.18041e+24 -1949.79
1.46409e+24 5.06555e+23 -1944.3
1.57249e+24 -4.22337e+23 -1938.21
1.11923e+24 -1.29446e+24 -1931.54
2.10741e+23 -1.78607e+24 -1924.29
-8.69532e+23 -1.67827e+24 -1916.46
-1.74591e+24 -9.47641e+23 -1908.05
-2.07772e+24 2.04689e+23 -1899.07
-1.68713e+24 1.40292e+24 -1889.52
-6.40919e+23 2.21522e+24 -1879.39
7.48223e+23 2.30525e+24 -1868.7
2.00996e+24 1.56468e+24 -1857.45
2.67122e+24 1.76524e+23 -1845.63
2.42824e+24 -1.4211e+24 -1833.26
1.27504e+24 -2.66793e+24 -1820.34
-4.63361e+23 -3.07296e+24 -1806.86
-2.21468e+24 -2.40058e+24 -1792.85
-3.3421e+24 -7.83146e+23 -1778.29
-3.36957e+24 1.28877e+24 -1763.19
-2.17207e+24 3.10771e+24 -1747.57
-5.78873e+22 3.98441e+24 -1731.41
2.29845e+24 3.50089e+24 -1714.74
4.06362e+24 1.69113e+24 -1697.54
4.53262e+24 -9.24092e+23 -1679.84
3.399e+24 -3.47602e+24 -1661.62
9.08292e+23 -5.02815e+24 -1642.91
-2.17381e+24 -4.91035e+24 -1623.69
-4.78606e+24 -2.99095e+24 -1603.99
-5.92744e+24 2.19017e+23 -1583.81
-5.02826e+24 3.6848e+24 -1563.14
-2.20281e+24 6.17025e+24 -1542.01
1.72075e+24 6.66719e+24 -1520.4
5.42752e+24 4.78663e+24 -1498.34
7.54412e+24 9.65235e+23 -1475.83
7.13302e+24 -3.60744e+24 -1452.87
4.07973e+24 -7.3437e+24 -1429.47
-7.79418e+23 -8.79465e+24 -1405.63
-5.86262e+24 -7.19261e+24 -1381.38
-9.34103e+24 -2.80215e+24 -1356.7
-9.77934e+24 3.06845e+24 -1331.62
-6.69999e+24 8.43475e+24 -1306.13
-8.57246e+23 1.12886e+25 -1280.24
5.90877e+24 1.03274e+25 -1253.97
1.12291e+25 5.50244e+24 -1227.32
1.3014e+25 -1.83201e+24 -1200.3
1.02433e+25 -9.26577e+24 -1172.91
3.45032e+24 -1.41004e+25 -1145.17
-5.31016e+24 -1.43025e+25 -1117.08
-1.30516e+25 -9.31403e+24 -1088.66
-1.68467e+25 -4.10016e+23 -1059.9
-1.48997e+25 9.57439e+24 -1030.82
-7.31987e+24 1.71139e+25 -1001.43
3.71979e+24 1.92056e+25 -971.735
1.45583e+25 1.45177e+25 -941.745
2.12251e+25 4.04945e+24 -911.469
2.08548e+25 -8.98889e+24 -880.916
1.28464e+25 -2.0115e+25 -850.095
-6.80369e+23 -2.50747e+25 -819.016
-1.53736e+25 -2.1416e+25 -787.688
-2.60011e+25 -9.57098e+24 -756.12
-2.82652e+25 7.00014e+24 -724.322
-2.04665e+25 2.27531e+25 -692.303
-4.39458e+24 3.18622e+25 -660.073
1.49592e+25 3.03134e+25 -627.642
3.08855e+25 1.75567e+25 -595.019
3.72227e+25 -2.93127e+24 -562.214
3.06589e+25 -2.44933e+25 -529.238
1.22369e+25 -3.93847e+25 -496.099
-1.25702e+25 -4.14816e+25 -462.808
-3.53906e+25 -2.86823e+25 -429.375
-4.77011e+25 -4.09319e+24 -395.81
-4.39169e+25 2.45585e+25 -362.123
-2.37341e+25 4.7257e+25 -328.324
7.20745e+24 5.51088e+25 -294.424
3.87578e+25 4.37005e+25 -260.432
5.94841e+25 1.51752e+25 -226.359
6.07019e+25 -2.18622e+25 -192.214
3.99279e+25 -5.48059e+25 -158.01
