                       96 0.2
                       96 0.202002
                       96 0.204003
                       96 0.206005
                       96 0.208007
                       96 0.210009
                       96 0.21201
                       96 0.214012
                       96 0.216014
                       96 0.218016
                       96 0.220017
                       96 0.222019
                       96 0.224021
                       96 0.226023
                       96 0.228024
                       96 0.230026
                       96 0.232028
                       96 0.23403
                       96 0.236031
                       96 0.238033
                       96 0.240035
                       96 0.242037
                       96 0.244038
                       96 0.24604
                       96 0.248042
                       96 0.250044
                       96 0.252045
                       96 0.254047
                       96 0.256049
                       96 0.25805
                       96 0.260052
                       96 0.262054
                       96 0.264056
                       96 0.266057
                       96 0.268059
                       96 0.270061
                       96 0.272063
                       96 0.274064
                       96 0.276066
                       96 0.278068
                       96 0.28007
                       96 0.282071
                       96 0.284073
                       96 0.286075
                       96 0.288077
                       96 0.290078
                       96 0.29208
                       96 0.294082
                       96 0.296084
                       96 0.298085
                       96 0.300087
                       96 0.302089
                       96 0.304091
                       96 0.306092
                       96 0.308094
                       96 0.310096
                       96 0.312097
                       96 0.314099
                       96 0.316101
                       96 0.318103
                       96 0.320104
                       96 0.322106
                       96 0.324108
                       96 0.32611
                       96 0.328111
                       96 0.330113
                       96 0.332115
                       96 0.334117
                       96 0.336118
                       96 0.33812
                       96 0.340122
                       96 0.342124
                       96 0.344125
                       96 0.346127
                       96 0.348129
                       96 0.350131
                       96 0.352132
                       96 0.354134
                       96 0.356136
                       96 0.358138
                       96 0.360139
                       96 0.362141
                       96 0.364143
                       96 0.366144
                       96 0.368146
                       96 0.370148
                       96 0.37215
                       96 0.374151
                       96 0.376153
                       96 0.378155
                       96 0.380157
                       96 0.382158
                       96 0.38416
                       96 0.386162
                       96 0.388164
                       96 0.390165
                       96 0.392167
                       96 0.394169
                       96 0.396171
                       96 0.398172
                       96 0.400174
                       96 0.402176
                       96 0.404178
                       96 0.406179
                       96 0.408181
                       96 0.410183
                       96 0.412185
                       96 0.414186
                       96 0.416188
                       96 0.41819
                       96 0.420191
                       96 0.422193
                       96 0.424195
                       96 0.426197
                       96 0.428198
                       96 0.4302
                       96 0.432202
                       96 0.434204
                       96 0.436205
                       96 0.438207
                       96 0.440209
                       96 0.442211
                       96 0.444212
                       96 0.446214
                       96 0.448216
                       96 0.450218
                       96 0.452219
                       96 0.454221
                       96 0.456223
                       96 0.458225
                       96 0.460226
                       96 0.462228
                       96 0.46423
                       96 0.466232
                       96 0.468233
                       96 0.470235
                       96 0.472237
                       96 0.474238
                       96 0.47624
                       96 0.478242
                       96 0.480244
                       96 0.482245
                       96 0.484247
                       96 0.486249
                       96 0.488251
                       96 0.490252
                       96 0.492254
                       96 0.494256
                       96 0.496258
                       96 0.498259
                       96 0.500261
                       96 0.502263
                       96 0.504265
                       96 0.506266
                       96 0.508268
                       96 0.51027
                       96 0.512272
                       96 0.514273
                       96 0.516275
                       96 0.518277
                       96 0.520279
                       96 0.52228
                       96 0.524282
                       96 0.526284
                       96 0.528285
                       96 0.530287
                       96 0.532289
                       96 0.534291
                       96 0.536292
                       96 0.538294
                       96 0.540296
                       96 0.542298
                       96 0.544299
                       96 0.546301
                       96 0.548303
                       96 0.550305
                       96 0.552306
                       96 0.554308
                       96 0.55631
                       96 0.558312
                       96 0.560313
                       96 0.562315
                       96 0.564317
                       96 0.566319
                       96 0.56832
                       96 0.570322
                       96 0.572324
                       96 0.574326
                       96 0.576327
                       96 0.578329
                       96 0.580331
                       96 0.582332
                       96 0.584334
                       96 0.586336
                       96 0.588338
                       96 0.590339
                       96 0.592341
                       96 0.594343
                       96 0.596345
                       96 0.598346
                       96 0.600348
                       96 0.60235
                       96 0.604352
                       96 0.606353
                       96 0.608355
                       96 0.610357
                       96 0.612359
                       96 0.61436
                       96 0.616362
                       96 0.618364
                       96 0.620366
                       96 0.622367
                       96 0.624369
                       96 0.626371
                       96 0.628372
                       96 0.630374
                       96 0.632376
                       96 0.634378
                       96 0.636379
                       96 0.638381
                       96 0.640383
                       96 0.642385
                       96 0.644386
                       96 0.646388
                       96 0.64839
                       96 0.650392
                       96 0.652393
                       96 0.654395
                       96 0.656397
                       96 0.658399
                       96 0.6604
                       96 0.662402
                       96 0.664404
                       96 0.666406
                       96 0.668407
                       96 0.670409
                       96 0.672411
                       96 0.674413
                       96 0.676414
                       96 0.678416
                       96 0.680418
                       96 0.682419
                       96 0.684421
                       96 0.686423
                       96 0.688425
                       96 0.690426
                       96 0.692428
                       96 0.69443
                       96 0.696432
                       96 0.698433
                       96 0.700435
                       96 0.702437
                       96 0.704439
                       96 0.70644
                       96 0.708442
                       96 0.710444
                       96 0.712446
                       96 0.714447
                       96 0.716449
                       96 0.718451
                       96 0.720453
                       96 0.722454
                       96 0.724456
                       96 0.726458
                       96 0.72846
                       96 0.730461
                       96 0.732463
                       96 0.734465
                       96 0.736466
                       96 0.738468
                       96 0.74047
                       96 0.742472
                       96 0.744473
                       96 0.746475
                       96 0.748477
                       96 0.750479
                       96 0.75248
                       96 0.754482
                       96 0.756484
                       96 0.758486
                       96 0.760487
                       96 0.762489
                       96 0.764491
                       96 0.766493
                       96 0.768494
                       96 0.770496
                       96 0.772498
                       96 0.7745
                       96 0.776501
                       96 0.778503
                       96 0.780505
                       96 0.782507
                       96 0.784508
                       96 0.78651
                       96 0.788512
                       96 0.790513
                       96 0.792515
                       96 0.794517
                       96 0.796519
                       96 0.79852
                       96 0.800522
                       96 0.802524
                       96 0.804526
                       96 0.806527
                       96 0.808529
                       96 0.810531
                       96 0.812533
                       96 0.814534
                       96 0.816536
                       96 0.818538
                       96 0.82054
                       96 0.822541
                       96 0.824543
                       96 0.826545
                       96 0.828547
                       96 0.830548
                       96 0.83255
                       96 0.834552
                       96 0.836554
                       96 0.838555
                       96 0.840557
                       96 0.842559
                       96 0.84456
                       96 0.846562
                       96 0.848564
                       96 0.850566
                       96 0.852567
                       96 0.854569
                       96 0.856571
                       96 0.858573
                       96 0.860574
                       96 0.862576
                       96 0.864578
                       96 0.86658
                       96 0.868581
                       96 0.870583
                       96 0.872585
                       96 0.874587
                       96 0.876588
                       96 0.87859
                       96 0.880592
                       96 0.882594
                       96 0.884595
                       96 0.886597
                       96 0.888599
                       96 0.890601
                       96 0.892602
                       96 0.894604
                       96 0.896606
                       96 0.898607
                       96 0.900609
                       96 0.902611
                       96 0.904613
                       96 0.906614
                       96 0.908616
                       96 0.910618
                       96 0.91262
                       96 0.914621
                       96 0.916623
                       96 0.918625
                       96 0.920627
                       96 0.922628
                       96 0.92463
                       96 0.926632
                       96 0.928634
                       96 0.930635
                       96 0.932637
                       96 0.934639
                       96 0.936641
                       96 0.938642
                       96 0.940644
                       96 0.942646
                       96 0.944648
                       96 0.946649
                       96 0.948651
                       96 0.950653
                       96 0.952654
                       96 0.954656
                       96 0.956658
                       96 0.95866
                       96 0.960661
                       96 0.962663
                       96 0.964665
                       96 0.966667
                       96 0.968668
                       96 0.97067
                       96 0.972672
                       96 0.974674
                       96 0.976675
                       96 0.978677
                       96 0.980679
                       96 0.982681
                       96 0.984682
                       96 0.986684
                       96 0.988686
                       96 0.990688
                       96 0.992689
                       96 0.994691
                       96 0.996693
                       96 0.998695
                       96 1.0007
                       96 1.0027
                       96 1.0047
                       96 1.0067
                       96 1.0087
                       96 1.0107
                       96 1.01271
                       96 1.01471
                       96 1.01671
                       96 1.01871
                       96 1.02071
                       96 1.02272
                       96 1.02472
                       96 1.02672
                       96 1.02872
                       96 1.03072
                       96 1.03272
                       96 1.03473
                       96 1.03673
                       96 1.03873
                       96 1.04073
                       96 1.04273
                       96 1.04473
                       96 1.04674
                       96 1.04874
                       96 1.05074
                       96 1.05274
                       96 1.05474
                       96 1.05674
                       96 1.05875
                       96 1.06075
                       96 1.06275
                       96 1.06475
                       96 1.06675
                       96 1.06876
                       96 1.07076
                       96 1.07276
                       96 1.07476
                       96 1.07676
                       96 1.07876
                       96 1.08077
                       96 1.08277
                       96 1.08477
                       96 1.08677
                       96 1.08877
                       96 1.09077
                       96 1.09278
                       96 1.09478
                       96 1.09678
                       96 1.09878
                       96 1.10078
                       96 1.10279
                       96 1.10479
                       96 1.10679
                       96 1.10879
                       96 1.11079
                       96 1.11279
                       96 1.1148
                       96 1.1168
                       96 1.1188
                       96 1.1208
                       96 1.1228
                       96 1.1248
                       96 1.12681
                       96 1.12881
                       96 1.13081
                       96 1.13281
                       96 1.13481
                       96 1.13681
                       95 1.13882
                       95 1.14082
                       95 1.14282
                       95 1.14482
                       95 1.14682
                       95 1.14883
                       95 1.15083
                       95 1.15283
                       95 1.15483
                       95 1.15683
                       95 1.15883
                       95 1.16084
                       95 1.16284
                       95 1.16484
                       95 1.16684
                       95 1.16884
                       95 1.17084
                       95 1.17285
                       95 1.17485
                       95 1.17685
                       95 1.17885
                       95 1.18085
                       95 1.18285
                       95 1.18486
                       95 1.18686
                       95 1.18886
                       95 1.19086
                       95 1.19286
                       95 1.19487
                       95 1.19687
                       95 1.19887
                       95 1.20087
                       95 1.20287
                       95 1.20487
                       95 1.20688
                       95 1.20888
                       95 1.21088
                       95 1.21288
                       95 1.21488
                       96 1.21688
                       96 1.21889
                       96 1.22089
                       96 1.22289
                       96 1.22489
                       96 1.22689
                       96 1.22889
                       96 1.2309
                       96 1.2329
                       96 1.2349
                       96 1.2369
                       96 1.2389
                       96 1.24091
                       96 1.24291
                       96 1.24491
                       96 1.24691
                       96 1.24891
                       96 1.25091
                       96 1.25292
                       96 1.25492
                       96 1.25692
                       96 1.25892
                       96 1.26092
                       96 1.26292
                       96 1.26493
                       96 1.26693
                       96 1.26893
                       96 1.27093
                       96 1.27293
                       96 1.27493
                       96 1.27694
                       96 1.27894
                       96 1.28094
                       96 1.28294
                       96 1.28494
                       96 1.28695
                       96 1.28895
                       96 1.29095
                       96 1.29295
                       96 1.29495
                       96 1.29695
                       96 1.29896
                       96 1.30096
                       96 1.30296
                       96 1.30496
                       96 1.30696
                       96 1.30896
                       96 1.31097
                       96 1.31297
                       96 1.31497
                       96 1.31697
                       96 1.31897
                       96 1.32097
                       96 1.32298
                       95 1.32498
                       95 1.32698
                       95 1.32898
                       95 1.33098
                       95 1.33299
                       95 1.33499
                       95 1.33699
                       95 1.33899
                       95 1.34099
                       95 1.34299
                       95 1.345
                       95 1.347
                       95 1.349
                       95 1.351
                       95 1.353
                       95 1.355
                       95 1.35701
                       95 1.35901
                       95 1.36101
                       95 1.36301
                       95 1.36501
                       95 1.36701
                       95 1.36902
                       95 1.37102
                       95 1.37302
                       95 1.37502
                       95 1.37702
                       95 1.37903
                       95 1.38103
                       95 1.38303
                       95 1.38503
                       95 1.38703
                       95 1.38903
                       95 1.39104
                       95 1.39304
                       95 1.39504
                       95 1.39704
                       95 1.39904
                       95 1.40104
                       95 1.40305
                       95 1.40505
                       95 1.40705
                       95 1.40905
                       95 1.41105
                       95 1.41305
                       95 1.41506
                       95 1.41706
                       95 1.41906
                       95 1.42106
                       95 1.42306
                       95 1.42507
                       95 1.42707
                       95 1.42907
                       95 1.43107
                       95 1.43307
                       95 1.43507
                       95 1.43708
                       95 1.43908
                       95 1.44108
                       95 1.44308
                       95 1.44508
                       95 1.44708
                       95 1.44909
                       95 1.45109
                       95 1.45309
                       95 1.45509
                       95 1.45709
                       95 1.45909
                       95 1.4611
                       95 1.4631
                       95 1.4651
                       95 1.4671
                       95 1.4691
                       95 1.47111
                       95 1.47311
                       95 1.47511
                       95 1.47711
                       95 1.47911
                       95 1.48111
                       95 1.48312
                       95 1.48512
                       95 1.48712
                       95 1.48912
                       95 1.49112
                       95 1.49312
                       95 1.49513
                       95 1.49713
                       95 1.49913
                       95 1.50113
                       95 1.50313
                       95 1.50513
                       95 1.50714
                       95 1.50914
                       95 1.51114
                       95 1.51314
                       95 1.51514
                       95 1.51715
                       95 1.51915
                       95 1.52115
                       95 1.52315
                       95 1.52515
                       95 1.52715
                       95 1.52916
                       95 1.53116
                       95 1.53316
                       95 1.53516
                       95 1.53716
                       95 1.53916
                       95 1.54117
                       95 1.54317
                       95 1.54517
                       95 1.54717
                       95 1.54917
                       95 1.55117
                       95 1.55318
                       95 1.55518
                       95 1.55718
                       95 1.55918
                       95 1.56118
                       95 1.56319
                       95 1.56519
                       95 1.56719
                       95 1.56919
                       95 1.57119
                       95 1.57319
                       95 1.5752
                       95 1.5772
                       95 1.5792
                       95 1.5812
                       95 1.5832
                       95 1.5852
                       95 1.58721
                       95 1.58921
                       95 1.59121
                       95 1.59321
                       95 1.59521
                       95 1.59721
                       95 1.59922
                       95 1.60122
                       95 1.60322
                       95 1.60522
                       95 1.60722
                       95 1.60923
                       95 1.61123
                       95 1.61323
                       95 1.61523
                       95 1.61723
                       95 1.61923
                       95 1.62124
                       95 1.62324
                       95 1.62524
                       95 1.62724
                       95 1.62924
                       95 1.63124
                       95 1.63325
                       95 1.63525
                       95 1.63725
                       95 1.63925
                       95 1.64125
                       95 1.64326
                       95 1.64526
                       95 1.64726
                       95 1.64926
                       95 1.65126
                       95 1.65326
                       95 1.65527
                       95 1.65727
                       95 1.65927
                       95 1.66127
                       95 1.66327
                       95 1.66527
                       95 1.66728
                       95 1.66928
                       95 1.67128
                       95 1.67328
                       95 1.67528
                       95 1.67728
                       95 1.67929
                       95 1.68129
                       95 1.68329
                       95 1.68529
                       95 1.68729
                       95 1.6893
                       95 1.6913
                       95 1.6933
                       95 1.6953
                       95 1.6973
                       95 1.6993
                       95 1.70131
                       95 1.70331
                       95 1.70531
                       95 1.70731
                       95 1.70931
                       95 1.71131
                       95 1.71332
                       95 1.71532
                       95 1.71732
                       95 1.71932
                       95 1.72132
                       95 1.72332
                       95 1.72533
                       95 1.72733
                       95 1.72933
                       95 1.73133
                       95 1.73333
                       95 1.73534
                       95 1.73734
                       95 1.73934
                       95 1.74134
                       95 1.74334
                       95 1.74534
                       95 1.74735
                       95 1.74935
                       95 1.75135
                       95 1.75335
                       95 1.75535
                       95 1.75735
                       95 1.75936
                       95 1.76136
                       95 1.76336
                       95 1.76536
                       95 1.76736
                       95 1.76936
                       95 1.77137
                       95 1.77337
                       95 1.77537
                       95 1.77737
                       95 1.77937
                       95 1.78138
                       95 1.78338
                       95 1.78538
                       95 1.78738
                       95 1.78938
                       95 1.79138
                       95 1.79339
                       95 1.79539
                       95 1.79739
                       95 1.79939
                       95 1.80139
                       95 1.80339
                       95 1.8054
                       95 1.8074
                       95 1.8094
                       95 1.8114
                       95 1.8134
                       95 1.8154
                       95 1.81741
                       95 1.81941
                       95 1.82141
                       95 1.82341
                       95 1.82541
                       95 1.82742
                       95 1.82942
                       95 1.83142
                       95 1.83342
                       95 1.83542
                       95 1.83742
                       95 1.83943
                       95 1.84143
                       95 1.84343
                       95 1.84543
                       95 1.84743
                       95 1.84943
                       95 1.85144
                       95 1.85344
                       95 1.85544
                       95 1.85744
                       95 1.85944
                       95 1.86144
                       95 1.86345
                       95 1.86545
                       95 1.86745
                       95 1.86945
                       95 1.87145
                       95 1.87346
                       95 1.87546
                       95 1.87746
                       95 1.87946
                       95 1.88146
                       95 1.88346
                       95 1.88547
                       95 1.88747
                       95 1.88947
                       95 1.89147
                       95 1.89347
                       95 1.89547
                       95 1.89748
                       95 1.89948
                       95 1.90148
                       95 1.90348
                       95 1.90548
                       95 1.90748
                       95 1.90949
                       95 1.91149
                       95 1.91349
                       95 1.91549
                       95 1.91749
                       95 1.9195
                       95 1.9215
                       95 1.9235
                       95 1.9255
                       95 1.9275
                       95 1.9295
                       95 1.93151
                       95 1.93351
                       95 1.93551
                       95 1.93751
                       95 1.93951
                       95 1.94151
                       95 1.94352
                       95 1.94552
                       95 1.94752
                       95 1.94952
                       95 1.95152
                       95 1.95352
                       95 1.95553
                       95 1.95753
                       95 1.95953
                       95 1.96153
                       95 1.96353
                       95 1.96554
                       95 1.96754
                       95 1.96954
                       95 1.97154
                       95 1.97354
                       95 1.97554
                       95 1.97755
                       95 1.97955
                       95 1.98155
                       95 1.98355
                       95 1.98555
                       95 1.98755
                       95 1.98956
                       95 1.99156
                       95 1.99356
                       95 1.99556
                       95 1.99756
                       95 1.99956
                       95 2.00157
                       95 2.00357
                       95 2.00557
                       95 2.00757
                       95 2.00957
                       95 2.01158
                       95 2.01358
                       95 2.01558
                       95 2.01758
                       95 2.01958
                       95 2.02158
                       95 2.02359
                       95 2.02559
                       95 2.02759
                       95 2.02959
                       95 2.03159
                       95 2.03359
                       95 2.0356
                       95 2.0376
                       95 2.0396
                       95 2.0416
                       95 2.0436
                       95 2.0456
                       95 2.04761
                       95 2.04961
                       95 2.05161
                       95 2.05361
                       95 2.05561
                       95 2.05762
                       95 2.05962
                       95 2.06162
                       95 2.06362
                       95 2.06562
                       95 2.06762
                       95 2.06963
                       95 2.07163
                       95 2.07363
                       95 2.07563
                       95 2.07763
                       95 2.07963
                       95 2.08164
                       95 2.08364
                       95 2.08564
                       95 2.08764
                       95 2.08964
                       95 2.09164
                       95 2.09365
                       95 2.09565
                       95 2.09765
                       95 2.09965
                       95 2.10165
                       95 2.10366
                       95 2.10566
                       95 2.10766
                       95 2.10966
                       95 2.11166
                       95 2.11366
                       95 2.11567
                       95 2.11767
                       95 2.11967
                       95 2.12167
                       95 2.12367
                       95 2.12567
                       95 2.12768
                       95 2.12968
                       95 2.13168
                       95 2.13368
                       95 2.13568
                       95 2.13768
                       95 2.13969
                       95 2.14169
                       95 2.14369
                       95 2.14569
                       95 2.14769
                       95 2.1497
                       95 2.1517
                       95 2.1537
                       95 2.1557
                       95 2.1577
                       95 2.1597
                       95 2.16171
                       95 2.16371
                       95 2.16571
                       95 2.16771
                       95 2.16971
                       95 2.17171
                       95 2.17372
                       95 2.17572
                       95 2.17772
                       95 2.17972
                       95 2.18172
                       95 2.18372
                       95 2.18573
                       95 2.18773
                       95 2.18973
                       95 2.19173
                       95 2.19373
                       95 2.19574
                       95 2.19774
                       95 2.19974
                       95 2.20174
                       95 2.20374
                       95 2.20574
                       95 2.20775
                       95 2.20975
                       95 2.21175
                       95 2.21375
                       95 2.21575
                       95 2.21775
                       95 2.21976
                       95 2.22176
                       95 2.22376
                       95 2.22576
                       95 2.22776
                       95 2.22977
                       95 2.23177
                       95 2.23377
                       95 2.23577
                       95 2.23777
                       95 2.23977
                       95 2.24178
                       95 2.24378
                       95 2.24578
                       95 2.24778
                       95 2.24978
                       95 2.25178
                       95 2.25379
                       95 2.25579
                       95 2.25779
                       95 2.25979
                       95 2.26179
                       95 2.26379
                       95 2.2658
                       95 2.2678
                       95 2.2698
                       95 2.2718
                       95 2.2738
                       95 2.27581
                       95 2.27781
                       95 2.27981
                       95 2.28181
                       95 2.28381
                       95 2.28581
                       95 2.28782
                       95 2.28982
                       95 2.29182
                       95 2.29382
                       95 2.29582
                       95 2.29782
                       95 2.29983
                       95 2.30183
                       95 2.30383
                       95 2.30583
                       95 2.30783
                       95 2.30983
                       95 2.31184
                       95 2.31384
                       95 2.31584
                       95 2.31784
                       95 2.31984
                       95 2.32185
                       95 2.32385
                       95 2.32585
                       95 2.32785
                       95 2.32985
                       95 2.33185
                       95 2.33386
                       95 2.33586
                       95 2.33786
                       95 2.33986
                       95 2.34186
                       95 2.34386
                       95 2.34587
                       95 2.34787
                       95 2.34987
                       95 2.35187
                       95 2.35387
                       95 2.35587
                       95 2.35788
                       95 2.35988
                       95 2.36188
                       95 2.36388
                       95 2.36588
                       95 2.36789
                       95 2.36989
                       95 2.37189
                       95 2.37389
                       95 2.37589
                       95 2.37789
                       95 2.3799
                       95 2.3819
                       95 2.3839
                       95 2.3859
                       95 2.3879
                       95 2.3899
                       95 2.39191
                       95 2.39391
                       95 2.39591
                       95 2.39791
                       95 2.39991
                       95 2.40191
                       95 2.40392
                       95 2.40592
                       95 2.40792
                       95 2.40992
                       95 2.41192
                       95 2.41393
                       95 2.41593
                       95 2.41793
                       95 2.41993
                       95 2.42193
                       95 2.42393
                       95 2.42594
                       95 2.42794
                       95 2.42994
                       95 2.43194
                       95 2.43394
                       95 2.43594
                       95 2.43795
                       95 2.43995
                       95 2.44195
                       95 2.44395
                       95 2.44595
                       95 2.44795
                       95 2.44996
                       95 2.45196
                       95 2.45396
                       95 2.45596
                       95 2.45796
                       95 2.45997
                       95 2.46197
                       95 2.46397
                       94 2.46597
                       94 2.46797
                       94 2.46997
                       94 2.47198
                       94 2.47398
                       94 2.47598
                       94 2.47798
                       94 2.47998
                       94 2.48198
                       94 2.48399
                       94 2.48599
                       94 2.48799
                       94 2.48999
                       94 2.49199
                       94 2.49399
                       94 2.496
                       94 2.498
                       94 2.5
