                       94 0.2
                       94 0.202002
                       94 0.204003
                       94 0.206005
                       94 0.208007
                       94 0.210009
                       94 0.21201
                       94 0.214012
                       94 0.216014
                       94 0.218016
                       94 0.220017
                       94 0.222019
                       94 0.224021
                       94 0.226023
                       94 0.228024
                       94 0.230026
                       94 0.232028
                       94 0.23403
                       94 0.236031
                       94 0.238033
                       94 0.240035
                       94 0.242037
                       94 0.244038
                       94 0.24604
                       94 0.248042
                       94 0.250044
                       94 0.252045
                       94 0.254047
                       94 0.256049
                       94 0.25805
                       94 0.260052
                       94 0.262054
                       94 0.264056
                       94 0.266057
                       94 0.268059
                       94 0.270061
                       94 0.272063
                       94 0.274064
                       94 0.276066
                       94 0.278068
                       94 0.28007
                       94 0.282071
                       94 0.284073
                       94 0.286075
                       94 0.288077
                       94 0.290078
                       95 0.29208
                       95 0.294082
                       95 0.296084
                       96 0.298085
                       96 0.300087
                       96 0.302089
                       96 0.304091
                       96 0.306092
                       96 0.308094
                       96 0.310096
                       95 0.312097
                       95 0.314099
                       95 0.316101
                       95 0.318103
                       95 0.320104
                       95 0.322106
                       95 0.324108
                       95 0.32611
                       95 0.328111
                       95 0.330113
                       95 0.332115
                       95 0.334117
                       95 0.336118
                       95 0.33812
                       95 0.340122
                       95 0.342124
                       95 0.344125
                       95 0.346127
                       95 0.348129
                       95 0.350131
                       95 0.352132
                       95 0.354134
                       95 0.356136
                       95 0.358138
                       95 0.360139
                       95 0.362141
                       95 0.364143
                       95 0.366144
                       95 0.368146
                       95 0.370148
                       95 0.37215
                       95 0.374151
                       95 0.376153
                       95 0.378155
                       95 0.380157
                       95 0.382158
                       95 0.38416
                       95 0.386162
                       95 0.388164
                       95 0.390165
                       95 0.392167
                       95 0.394169
                       95 0.396171
                       95 0.398172
                       95 0.400174
                       95 0.402176
                       95 0.404178
                       95 0.406179
                       95 0.408181
                       95 0.410183
                       95 0.412185
                       95 0.414186
                       95 0.416188
                       95 0.41819
                       95 0.420191
                       95 0.422193
                       95 0.424195
                       95 0.426197
                       95 0.428198
                       95 0.4302
                       95 0.432202
                       95 0.434204
                       95 0.436205
                       95 0.438207
                       95 0.440209
                       95 0.442211
                       95 0.444212
                       95 0.446214
                       95 0.448216
                       95 0.450218
                       95 0.452219
                       95 0.454221
                       95 0.456223
                       95 0.458225
                       95 0.460226
                       95 0.462228
                       95 0.46423
                       95 0.466232
                       95 0.468233
                       94 0.470235
                       94 0.472237
                       94 0.474238
                       94 0.47624
                       94 0.478242
                       94 0.480244
                       94 0.482245
                       94 0.484247
                       94 0.486249
                       94 0.488251
                       94 0.490252
                       94 0.492254
                       94 0.494256
                       94 0.496258
                       94 0.498259
                       94 0.500261
                       94 0.502263
                       94 0.504265
                       94 0.506266
                       94 0.508268
                       94 0.51027
                       94 0.512272
                       94 0.514273
                       94 0.516275
                       94 0.518277
                       94 0.520279
                       94 0.52228
                       94 0.524282
                       94 0.526284
                       94 0.528285
                       94 0.530287
                       94 0.532289
                       94 0.534291
                       94 0.536292
                       94 0.538294
                       94 0.540296
                       94 0.542298
                       94 0.544299
                       94 0.546301
                       94 0.548303
                       94 0.550305
                       94 0.552306
                       94 0.554308
                       94 0.55631
                       94 0.558312
                       94 0.560313
                       94 0.562315
                       94 0.564317
                       94 0.566319
                       94 0.56832
                       94 0.570322
                       94 0.572324
                       94 0.574326
                       94 0.576327
                       94 0.578329
                       94 0.580331
                       94 0.582332
                       94 0.584334
                       94 0.586336
                       94 0.588338
                       94 0.590339
                       94 0.592341
                       94 0.594343
                       94 0.596345
                       94 0.598346
                       94 0.600348
                       94 0.60235
                       94 0.604352
                       94 0.606353
                       94 0.608355
                       94 0.610357
                       94 0.612359
                       94 0.61436
                       94 0.616362
                       94 0.618364
                       94 0.620366
                       94 0.622367
                       94 0.624369
                       94 0.626371
                       94 0.628372
                       94 0.630374
                       94 0.632376
                       94 0.634378
                       94 0.636379
                       94 0.638381
                       94 0.640383
                       94 0.642385
                       94 0.644386
                       94 0.646388
                       94 0.64839
                       94 0.650392
                       94 0.652393
                       94 0.654395
                       94 0.656397
                       94 0.658399
                       94 0.6604
                       94 0.662402
                       94 0.664404
                       94 0.666406
                       94 0.668407
                       94 0.670409
                       94 0.672411
                       94 0.674413
                       94 0.676414
                       94 0.678416
                       94 0.680418
                       94 0.682419
                       94 0.684421
                       94 0.686423
                       94 0.688425
                       94 0.690426
                       94 0.692428
                       95 0.69443
                       95 0.696432
                       95 0.698433
                       95 0.700435
                       95 0.702437
                       95 0.704439
                       95 0.70644
                       95 0.708442
                       95 0.710444
                       95 0.712446
                       95 0.714447
                       95 0.716449
                       95 0.718451
                       95 0.720453
                       95 0.722454
                       95 0.724456
                       95 0.726458
                       95 0.72846
                       95 0.730461
                       95 0.732463
                       95 0.734465
                       95 0.736466
                       95 0.738468
                       95 0.74047
                       95 0.742472
                       95 0.744473
                       95 0.746475
                       95 0.748477
                       95 0.750479
                       94 0.75248
                       94 0.754482
                       94 0.756484
                       94 0.758486
                       94 0.760487
                       94 0.762489
                       94 0.764491
                       94 0.766493
                       94 0.768494
                       94 0.770496
                       94 0.772498
                       94 0.7745
                       94 0.776501
                       94 0.778503
                       94 0.780505
                       94 0.782507
                       94 0.784508
                       94 0.78651
                       94 0.788512
                       94 0.790513
                       94 0.792515
                       94 0.794517
                       94 0.796519
                       94 0.79852
                       94 0.800522
                       94 0.802524
                       94 0.804526
                       94 0.806527
                       94 0.808529
                       94 0.810531
                       94 0.812533
                       94 0.814534
                       94 0.816536
                       94 0.818538
                       94 0.82054
                       94 0.822541
                       94 0.824543
                       94 0.826545
                       94 0.828547
                       94 0.830548
                       94 0.83255
                       94 0.834552
                       94 0.836554
                       94 0.838555
                       94 0.840557
                       94 0.842559
                       94 0.84456
                       94 0.846562
                       94 0.848564
                       94 0.850566
                       94 0.852567
                       94 0.854569
                       94 0.856571
                       94 0.858573
                       94 0.860574
                       94 0.862576
                       94 0.864578
                       94 0.86658
                       94 0.868581
                       94 0.870583
                       94 0.872585
                       94 0.874587
                       94 0.876588
                       94 0.87859
                       94 0.880592
                       94 0.882594
                       94 0.884595
                       94 0.886597
                       94 0.888599
                       94 0.890601
                       94 0.892602
                       94 0.894604
                       94 0.896606
                       94 0.898607
                       94 0.900609
                       94 0.902611
                       94 0.904613
                       94 0.906614
                       94 0.908616
                       94 0.910618
                       94 0.91262
                       94 0.914621
                       94 0.916623
                       94 0.918625
                       94 0.920627
                       94 0.922628
                       94 0.92463
                       94 0.926632
                       94 0.928634
                       94 0.930635
                       94 0.932637
                       94 0.934639
                       94 0.936641
                       94 0.938642
                       94 0.940644
                       95 0.942646
                       95 0.944648
                       95 0.946649
                       95 0.948651
                       95 0.950653
                       95 0.952654
                       94 0.954656
                       94 0.956658
                       94 0.95866
                       94 0.960661
                       94 0.962663
                       94 0.964665
                       94 0.966667
                       94 0.968668
                       94 0.97067
                       94 0.972672
                       94 0.974674
                       94 0.976675
                       94 0.978677
                       94 0.980679
                       94 0.982681
                       94 0.984682
                       94 0.986684
                       94 0.988686
                       94 0.990688
                       94 0.992689
                       94 0.994691
                       94 0.996693
                       94 0.998695
                       94 1.0007
                       94 1.0027
                       94 1.0047
                       94 1.0067
                       94 1.0087
                       94 1.0107
                       94 1.01271
                       94 1.01471
                       94 1.01671
                       94 1.01871
                       94 1.02071
                       94 1.02272
                       94 1.02472
                       94 1.02672
                       94 1.02872
                       94 1.03072
                       94 1.03272
                       94 1.03473
                       94 1.03673
                       94 1.03873
                       94 1.04073
                       94 1.04273
                       94 1.04473
                       94 1.04674
                       94 1.04874
                       94 1.05074
                       94 1.05274
                       94 1.05474
                       94 1.05674
                       94 1.05875
                       94 1.06075
                       94 1.06275
                       94 1.06475
                       94 1.06675
                       94 1.06876
                       94 1.07076
                       94 1.07276
                       94 1.07476
                       94 1.07676
                       94 1.07876
                       94 1.08077
                       94 1.08277
                       94 1.08477
                       94 1.08677
                       94 1.08877
                       94 1.09077
                       94 1.09278
                       94 1.09478
                       94 1.09678
                       94 1.09878
                       94 1.10078
                       94 1.10279
                       94 1.10479
                       94 1.10679
                       94 1.10879
                       94 1.11079
                       94 1.11279
                       94 1.1148
                       94 1.1168
                       94 1.1188
                       94 1.1208
                       94 1.1228
                       94 1.1248
                       94 1.12681
                       94 1.12881
                       94 1.13081
                       94 1.13281
                       94 1.13481
                       94 1.13681
                       94 1.13882
                       94 1.14082
                       94 1.14282
                       94 1.14482
                       94 1.14682
                       94 1.14883
                       94 1.15083
                       94 1.15283
                       94 1.15483
                       94 1.15683
                       94 1.15883
                       94 1.16084
                       94 1.16284
                       94 1.16484
                       94 1.16684
                       94 1.16884
                       94 1.17084
                       94 1.17285
                       94 1.17485
                       94 1.17685
                       94 1.17885
                       94 1.18085
                       94 1.18285
                       94 1.18486
                       94 1.18686
                       94 1.18886
                       94 1.19086
                       94 1.19286
                       94 1.19487
                       94 1.19687
                       94 1.19887
                       94 1.20087
                       94 1.20287
                       94 1.20487
                       94 1.20688
                       94 1.20888
                       94 1.21088
                       94 1.21288
                       94 1.21488
                       94 1.21688
                       94 1.21889
                       94 1.22089
                       94 1.22289
                       94 1.22489
                       94 1.22689
                       94 1.22889
                       94 1.2309
                       94 1.2329
                       94 1.2349
                       94 1.2369
                       94 1.2389
                       94 1.24091
                       94 1.24291
                       94 1.24491
                       94 1.24691
                       94 1.24891
                       94 1.25091
                       94 1.25292
                       94 1.25492
                       94 1.25692
                       94 1.25892
                       94 1.26092
                       94 1.26292
                       94 1.26493
                       94 1.26693
                       94 1.26893
                       94 1.27093
                       94 1.27293
                       94 1.27493
                       94 1.27694
                       94 1.27894
                       94 1.28094
                       94 1.28294
                       94 1.28494
                       94 1.28695
                       94 1.28895
                       94 1.29095
                       94 1.29295
                       94 1.29495
                       94 1.29695
                       94 1.29896
                       94 1.30096
                       94 1.30296
                       94 1.30496
                       94 1.30696
                       94 1.30896
                       94 1.31097
                       95 1.31297
                       95 1.31497
                       94 1.31697
                       94 1.31897
                       94 1.32097
                       94 1.32298
                       94 1.32498
                       94 1.32698
                       94 1.32898
                       94 1.33098
                       94 1.33299
                       94 1.33499
                       94 1.33699
                       94 1.33899
                       94 1.34099
                       94 1.34299
                       94 1.345
                       94 1.347
                       94 1.349
                       94 1.351
                       94 1.353
                       94 1.355
                       94 1.35701
                       94 1.35901
                       94 1.36101
                       94 1.36301
                       94 1.36501
                       94 1.36701
                       94 1.36902
                       94 1.37102
                       94 1.37302
                       94 1.37502
                       94 1.37702
                       94 1.37903
                       94 1.38103
                       94 1.38303
                       94 1.38503
                       94 1.38703
                       94 1.38903
                       94 1.39104
                       94 1.39304
                       94 1.39504
                       94 1.39704
                       94 1.39904
                       94 1.40104
                       94 1.40305
                       94 1.40505
                       94 1.40705
                       94 1.40905
                       94 1.41105
                       94 1.41305
                       94 1.41506
                       94 1.41706
                       94 1.41906
                       94 1.42106
                       94 1.42306
                       94 1.42507
                       94 1.42707
                       94 1.42907
                       94 1.43107
                       94 1.43307
                       94 1.43507
                       94 1.43708
                       94 1.43908
                       94 1.44108
                       94 1.44308
                       94 1.44508
                       94 1.44708
                       94 1.44909
                       94 1.45109
                       94 1.45309
                       94 1.45509
                       94 1.45709
                       94 1.45909
                       94 1.4611
                       94 1.4631
                       94 1.4651
                       94 1.4671
                       94 1.4691
                       94 1.47111
                       94 1.47311
                       94 1.47511
                       94 1.47711
                       94 1.47911
                       94 1.48111
                       94 1.48312
                       94 1.48512
                       94 1.48712
                       94 1.48912
                       94 1.49112
                       94 1.49312
                       94 1.49513
                       94 1.49713
                       94 1.49913
                       94 1.50113
                       94 1.50313
                       94 1.50513
                       94 1.50714
                       94 1.50914
                       94 1.51114
                       94 1.51314
                       94 1.51514
                       94 1.51715
                       94 1.51915
                       94 1.52115
                       94 1.52315
                       94 1.52515
                       94 1.52715
                       94 1.52916
                       94 1.53116
                       94 1.53316
                       94 1.53516
                       94 1.53716
                       94 1.53916
                       94 1.54117
                       94 1.54317
                       94 1.54517
                       94 1.54717
                       94 1.54917
                       94 1.55117
                       94 1.55318
                       94 1.55518
                       94 1.55718
                       94 1.55918
                       94 1.56118
                       94 1.56319
                       94 1.56519
                       94 1.56719
                       94 1.56919
                       94 1.57119
                       94 1.57319
                       94 1.5752
                       94 1.5772
                       94 1.5792
                       94 1.5812
                       94 1.5832
                       94 1.5852
                       94 1.58721
                       94 1.58921
                       94 1.59121
                       94 1.59321
                       94 1.59521
                       94 1.59721
                       94 1.59922
                       94 1.60122
                       94 1.60322
                       94 1.60522
                       94 1.60722
                       94 1.60923
                       94 1.61123
                       94 1.61323
                       94 1.61523
                       94 1.61723
                       94 1.61923
                       94 1.62124
                       94 1.62324
                       94 1.62524
                       94 1.62724
                       94 1.62924
                       94 1.63124
                       94 1.63325
                       94 1.63525
                       94 1.63725
                       94 1.63925
                       94 1.64125
                       94 1.64326
                       94 1.64526
                       94 1.64726
                       94 1.64926
                       94 1.65126
                       94 1.65326
                       94 1.65527
                       94 1.65727
                       94 1.65927
                       94 1.66127
                       94 1.66327
                       94 1.66527
                       94 1.66728
                       94 1.66928
                       94 1.67128
                       94 1.67328
                       94 1.67528
                       94 1.67728
                       94 1.67929
                       94 1.68129
                       94 1.68329
                       94 1.68529
                       94 1.68729
                       94 1.6893
                       94 1.6913
                       94 1.6933
                       94 1.6953
                       94 1.6973
                       94 1.6993
                       94 1.70131
                       94 1.70331
                       94 1.70531
                       94 1.70731
                       94 1.70931
                       94 1.71131
                       94 1.71332
                       94 1.71532
                       94 1.71732
                       94 1.71932
                       94 1.72132
                       94 1.72332
                       94 1.72533
                       94 1.72733
                       94 1.72933
                       94 1.73133
                       94 1.73333
                       94 1.73534
                       94 1.73734
                       94 1.73934
                       94 1.74134
                       94 1.74334
                       94 1.74534
                       94 1.74735
                       94 1.74935
                       94 1.75135
                       93 1.75335
                       93 1.75535
                       93 1.75735
                       93 1.75936
                       93 1.76136
                       93 1.76336
                       93 1.76536
                       93 1.76736
                       93 1.76936
                       93 1.77137
                       93 1.77337
                       93 1.77537
                       93 1.77737
                       94 1.77937
                       94 1.78138
                       94 1.78338
                       94 1.78538
                       94 1.78738
                       94 1.78938
                       94 1.79138
                       94 1.79339
                       94 1.79539
                       94 1.79739
                       94 1.79939
                       94 1.80139
                       94 1.80339
                       94 1.8054
                       94 1.8074
                       94 1.8094
                       94 1.8114
                       94 1.8134
                       94 1.8154
                       94 1.81741
                       94 1.81941
                       94 1.82141
                       94 1.82341
                       93 1.82541
                       93 1.82742
                       93 1.82942
                       93 1.83142
                       93 1.83342
                       93 1.83542
                       93 1.83742
                       93 1.83943
                       93 1.84143
                       93 1.84343
                       93 1.84543
                       93 1.84743
                       93 1.84943
                       93 1.85144
                       93 1.85344
                       93 1.85544
                       93 1.85744
                       93 1.85944
                       93 1.86144
                       94 1.86345
                       94 1.86545
                       94 1.86745
                       93 1.86945
                       93 1.87145
                       93 1.87346
                       93 1.87546
                       93 1.87746
                       93 1.87946
                       93 1.88146
                       93 1.88346
                       94 1.88547
                       94 1.88747
                       94 1.88947
                       94 1.89147
                       94 1.89347
                       94 1.89547
                       94 1.89748
                       94 1.89948
                       94 1.90148
                       94 1.90348
                       94 1.90548
                       94 1.90748
                       94 1.90949
                       94 1.91149
                       94 1.91349
                       94 1.91549
                       94 1.91749
                       94 1.9195
                       94 1.9215
                       94 1.9235
                       94 1.9255
                       94 1.9275
                       94 1.9295
                       94 1.93151
                       94 1.93351
                       93 1.93551
                       93 1.93751
                       93 1.93951
                       93 1.94151
                       93 1.94352
                       93 1.94552
                       93 1.94752
                       93 1.94952
                       93 1.95152
                       93 1.95352
                       93 1.95553
                       93 1.95753
                       93 1.95953
                       93 1.96153
                       93 1.96353
                       93 1.96554
                       93 1.96754
                       94 1.96954
                       94 1.97154
                       94 1.97354
                       94 1.97554
                       94 1.97755
                       94 1.97955
                       94 1.98155
                       94 1.98355
                       94 1.98555
                       94 1.98755
                       94 1.98956
                       94 1.99156
                       94 1.99356
                       94 1.99556
                       94 1.99756
                       94 1.99956
                       94 2.00157
                       93 2.00357
                       93 2.00557
                       93 2.00757
                       93 2.00957
                       93 2.01158
                       93 2.01358
                       93 2.01558
                       93 2.01758
                       93 2.01958
                       93 2.02158
                       93 2.02359
                       93 2.02559
                       93 2.02759
                       93 2.02959
                       93 2.03159
                       93 2.03359
                       93 2.0356
                       93 2.0376
                       93 2.0396
                       93 2.0416
                       93 2.0436
                       94 2.0456
                       93 2.04761
                       93 2.04961
                       93 2.05161
                       93 2.05361
                       93 2.05561
                       93 2.05762
                       93 2.05962
                       93 2.06162
                       93 2.06362
                       93 2.06562
                       93 2.06762
                       93 2.06963
                       93 2.07163
                       93 2.07363
                       93 2.07563
                       93 2.07763
                       93 2.07963
                       93 2.08164
                       93 2.08364
                       93 2.08564
                       93 2.08764
                       93 2.08964
                       93 2.09164
                       93 2.09365
                       93 2.09565
                       93 2.09765
                       93 2.09965
                       93 2.10165
                       93 2.10366
                       93 2.10566
                       93 2.10766
                       93 2.10966
                       93 2.11166
                       93 2.11366
                       93 2.11567
                       93 2.11767
                       93 2.11967
                       93 2.12167
                       93 2.12367
                       93 2.12567
                       93 2.12768
                       93 2.12968
                       93 2.13168
                       93 2.13368
                       93 2.13568
                       93 2.13768
                       93 2.13969
                       93 2.14169
                       93 2.14369
                       93 2.14569
                       93 2.14769
                       93 2.1497
                       93 2.1517
                       93 2.1537
                       93 2.1557
                       93 2.1577
                       93 2.1597
                       93 2.16171
                       93 2.16371
                       93 2.16571
                       93 2.16771
                       93 2.16971
                       93 2.17171
                       93 2.17372
                       93 2.17572
                       93 2.17772
                       93 2.17972
                       93 2.18172
                       93 2.18372
                       93 2.18573
                       93 2.18773
                       93 2.18973
                       93 2.19173
                       93 2.19373
                       93 2.19574
                       93 2.19774
                       93 2.19974
                       93 2.20174
                       93 2.20374
                       93 2.20574
                       93 2.20775
                       93 2.20975
                       93 2.21175
                       93 2.21375
                       93 2.21575
                       93 2.21775
                       93 2.21976
                       93 2.22176
                       93 2.22376
                       93 2.22576
                       93 2.22776
                       93 2.22977
                       93 2.23177
                       93 2.23377
                       93 2.23577
                       93 2.23777
                       93 2.23977
                       93 2.24178
                       93 2.24378
                       93 2.24578
                       93 2.24778
                       93 2.24978
                       93 2.25178
                       93 2.25379
                       93 2.25579
                       93 2.25779
                       93 2.25979
                       93 2.26179
                       93 2.26379
                       93 2.2658
                       93 2.2678
                       93 2.2698
                       93 2.2718
                       93 2.2738
                       93 2.27581
                       93 2.27781
                       93 2.27981
                       93 2.28181
                       93 2.28381
                       93 2.28581
                       93 2.28782
                       93 2.28982
                       93 2.29182
                       93 2.29382
                       93 2.29582
                       93 2.29782
                       93 2.29983
                       93 2.30183
                       93 2.30383
                       93 2.30583
                       93 2.30783
                       93 2.30983
                       93 2.31184
                       93 2.31384
                       93 2.31584
                       93 2.31784
                       93 2.31984
                       93 2.32185
                       93 2.32385
                       93 2.32585
                       93 2.32785
                       93 2.32985
                       93 2.33185
                       93 2.33386
                       93 2.33586
                       93 2.33786
                       93 2.33986
                       93 2.34186
                       93 2.34386
                       93 2.34587
                       93 2.34787
                       93 2.34987
                       93 2.35187
                       93 2.35387
                       93 2.35587
                       93 2.35788
                       93 2.35988
                       93 2.36188
                       93 2.36388
                       93 2.36588
                       93 2.36789
                       93 2.36989
                       93 2.37189
                       93 2.37389
                       93 2.37589
                       93 2.37789
                       93 2.3799
                       93 2.3819
                       93 2.3839
                       93 2.3859
                       93 2.3879
                       93 2.3899
                       93 2.39191
                       93 2.39391
                       93 2.39591
                       93 2.39791
                       93 2.39991
                       93 2.40191
                       93 2.40392
                       93 2.40592
                       93 2.40792
                       93 2.40992
                       93 2.41192
                       93 2.41393
                       93 2.41593
                       93 2.41793
                       93 2.41993
                       93 2.42193
                       93 2.42393
                       93 2.42594
                       93 2.42794
                       93 2.42994
                       93 2.43194
                       93 2.43394
                       93 2.43594
                       93 2.43795
                       93 2.43995
                       93 2.44195
                       93 2.44395
                       93 2.44595
                       93 2.44795
                       93 2.44996
                       93 2.45196
                       93 2.45396
                       93 2.45596
                       93 2.45796
                       93 2.45997
                       93 2.46197
                       93 2.46397
                       93 2.46597
                       93 2.46797
                       93 2.46997
                       93 2.47198
                       93 2.47398
                       93 2.47598
                       93 2.47798
                       93 2.47998
                       93 2.48198
                       93 2.48399
                       93 2.48599
                       93 2.48799
                       93 2.48999
                       93 2.49199
                       93 2.49399
                       93 2.496
                       93 2.498
                       93 2.5
