                       93 0.2
                       93 0.202002
                       93 0.204003
                       93 0.206005
                       93 0.208007
                       93 0.210009
                       93 0.21201
                       93 0.214012
                       93 0.216014
                       93 0.218016
                       93 0.220017
                       93 0.222019
                       93 0.224021
                       93 0.226023
                       93 0.228024
                       93 0.230026
                       93 0.232028
                       93 0.23403
                       93 0.236031
                       93 0.238033
                       93 0.240035
                       93 0.242037
                       93 0.244038
                       93 0.24604
                       93 0.248042
                       93 0.250044
                       93 0.252045
                       93 0.254047
                       93 0.256049
                       93 0.25805
                       93 0.260052
                       93 0.262054
                       93 0.264056
                       93 0.266057
                       93 0.268059
                       93 0.270061
                       93 0.272063
                       93 0.274064
                       93 0.276066
                       93 0.278068
                       93 0.28007
                       93 0.282071
                       93 0.284073
                       93 0.286075
                       93 0.288077
                       93 0.290078
                       93 0.29208
                       93 0.294082
                       93 0.296084
                       93 0.298085
                       93 0.300087
                       93 0.302089
                       93 0.304091
                       93 0.306092
                       93 0.308094
                       93 0.310096
                       93 0.312097
                       93 0.314099
                       93 0.316101
                       93 0.318103
                       93 0.320104
                       93 0.322106
                       93 0.324108
                       93 0.32611
                       93 0.328111
                       93 0.330113
                       93 0.332115
                       93 0.334117
                       93 0.336118
                       93 0.33812
                       93 0.340122
                       93 0.342124
                       93 0.344125
                       93 0.346127
                       93 0.348129
                       93 0.350131
                       93 0.352132
                       93 0.354134
                       93 0.356136
                       93 0.358138
                       93 0.360139
                       93 0.362141
                       93 0.364143
                       93 0.366144
                       93 0.368146
                       93 0.370148
                       93 0.37215
                       93 0.374151
                       93 0.376153
                       93 0.378155
                       93 0.380157
                       93 0.382158
                       93 0.38416
                       93 0.386162
                       93 0.388164
                       93 0.390165
                       93 0.392167
                       93 0.394169
                       93 0.396171
                       93 0.398172
                       93 0.400174
                       93 0.402176
                       93 0.404178
                       93 0.406179
                       93 0.408181
                       93 0.410183
                       93 0.412185
                       93 0.414186
                       93 0.416188
                       93 0.41819
                       93 0.420191
                       93 0.422193
                       93 0.424195
                       93 0.426197
                       93 0.428198
                       93 0.4302
                       93 0.432202
                       93 0.434204
                       93 0.436205
                       93 0.438207
                       93 0.440209
                       93 0.442211
                       93 0.444212
                       93 0.446214
                       93 0.448216
                       93 0.450218
                       93 0.452219
                       93 0.454221
                       93 0.456223
                       93 0.458225
                       93 0.460226
                       93 0.462228
                       93 0.46423
                       93 0.466232
                       93 0.468233
                       93 0.470235
                       93 0.472237
                       93 0.474238
                       93 0.47624
                       93 0.478242
                       93 0.480244
                       93 0.482245
                       93 0.484247
                       93 0.486249
                       93 0.488251
                       93 0.490252
                       93 0.492254
                       93 0.494256
                       93 0.496258
                       93 0.498259
                       93 0.500261
                       93 0.502263
                       93 0.504265
                       93 0.506266
                       93 0.508268
                       93 0.51027
                       93 0.512272
                       93 0.514273
                       93 0.516275
                       93 0.518277
                       93 0.520279
                       93 0.52228
                       93 0.524282
                       93 0.526284
                       93 0.528285
                       93 0.530287
                       93 0.532289
                       93 0.534291
                       93 0.536292
                       93 0.538294
                       93 0.540296
                       93 0.542298
                       93 0.544299
                       93 0.546301
                       93 0.548303
                       93 0.550305
                       93 0.552306
                       93 0.554308
                       93 0.55631
                       93 0.558312
                       93 0.560313
                       93 0.562315
                       93 0.564317
                       93 0.566319
                       93 0.56832
                       93 0.570322
                       93 0.572324
                       93 0.574326
                       93 0.576327
                       93 0.578329
                       93 0.580331
                       93 0.582332
                       93 0.584334
                       93 0.586336
                       93 0.588338
                       93 0.590339
                       93 0.592341
                       93 0.594343
                       93 0.596345
                       93 0.598346
                       93 0.600348
                       93 0.60235
                       93 0.604352
                       93 0.606353
                       93 0.608355
                       93 0.610357
                       93 0.612359
                       93 0.61436
                       93 0.616362
                       93 0.618364
                       93 0.620366
                       93 0.622367
                       93 0.624369
                       93 0.626371
                       93 0.628372
                       93 0.630374
                       93 0.632376
                       93 0.634378
                       93 0.636379
                       93 0.638381
                       93 0.640383
                       93 0.642385
                       93 0.644386
                       93 0.646388
                       93 0.64839
                       93 0.650392
                       93 0.652393
                       93 0.654395
                       93 0.656397
                       93 0.658399
                       93 0.6604
                       93 0.662402
                       93 0.664404
                       93 0.666406
                       93 0.668407
                       93 0.670409
                       93 0.672411
                       93 0.674413
                       93 0.676414
                       93 0.678416
                       93 0.680418
                       93 0.682419
                       93 0.684421
                       93 0.686423
                       93 0.688425
                       93 0.690426
                       93 0.692428
                       93 0.69443
                       93 0.696432
                       93 0.698433
                       93 0.700435
                       93 0.702437
                       93 0.704439
                       93 0.70644
                       93 0.708442
                       93 0.710444
                       93 0.712446
                       93 0.714447
                       93 0.716449
                       93 0.718451
                       93 0.720453
                       93 0.722454
                       93 0.724456
                       93 0.726458
                       93 0.72846
                       93 0.730461
                       93 0.732463
                       93 0.734465
                       93 0.736466
                       93 0.738468
                       93 0.74047
                       93 0.742472
                       93 0.744473
                       93 0.746475
                       93 0.748477
                       93 0.750479
                       93 0.75248
                       93 0.754482
                       93 0.756484
                       93 0.758486
                       93 0.760487
                       93 0.762489
                       93 0.764491
                       93 0.766493
                       93 0.768494
                       93 0.770496
                       93 0.772498
                       93 0.7745
                       93 0.776501
                       94 0.778503
                       94 0.780505
                       94 0.782507
                       94 0.784508
                       94 0.78651
                       94 0.788512
                       94 0.790513
                       94 0.792515
                       94 0.794517
                       94 0.796519
                       94 0.79852
                       94 0.800522
                       94 0.802524
                       94 0.804526
                       94 0.806527
                       94 0.808529
                       94 0.810531
                       94 0.812533
                       94 0.814534
                       94 0.816536
                       94 0.818538
                       94 0.82054
                       94 0.822541
                       94 0.824543
                       94 0.826545
                       94 0.828547
                       94 0.830548
                       94 0.83255
                       94 0.834552
                       94 0.836554
                       94 0.838555
                       94 0.840557
                       94 0.842559
                       94 0.84456
                       94 0.846562
                       94 0.848564
                       94 0.850566
                       94 0.852567
                       94 0.854569
                       94 0.856571
                       94 0.858573
                       94 0.860574
                       94 0.862576
                       94 0.864578
                       94 0.86658
                       94 0.868581
                       94 0.870583
                       94 0.872585
                       94 0.874587
                       94 0.876588
                       94 0.87859
                       94 0.880592
                       94 0.882594
                       94 0.884595
                       94 0.886597
                       94 0.888599
                       94 0.890601
                       94 0.892602
                       94 0.894604
                       94 0.896606
                       94 0.898607
                       94 0.900609
                       94 0.902611
                       94 0.904613
                       94 0.906614
                       93 0.908616
                       93 0.910618
                       93 0.91262
                       93 0.914621
                       93 0.916623
                       93 0.918625
                       93 0.920627
                       93 0.922628
                       93 0.92463
                       93 0.926632
                       93 0.928634
                       93 0.930635
                       93 0.932637
                       93 0.934639
                       93 0.936641
                       93 0.938642
                       93 0.940644
                       93 0.942646
                       93 0.944648
                       93 0.946649
                       93 0.948651
                       93 0.950653
                       93 0.952654
                       93 0.954656
                       93 0.956658
                       93 0.95866
                       93 0.960661
                       93 0.962663
                       93 0.964665
                       93 0.966667
                       93 0.968668
                       93 0.97067
                       93 0.972672
                       93 0.974674
                       93 0.976675
                       93 0.978677
                       93 0.980679
                       93 0.982681
                       93 0.984682
                       93 0.986684
                       93 0.988686
                       93 0.990688
                       93 0.992689
                       93 0.994691
                       93 0.996693
                       93 0.998695
                       93 1.0007
                       93 1.0027
                       93 1.0047
                       93 1.0067
                       93 1.0087
                       93 1.0107
                       93 1.01271
                       93 1.01471
                       93 1.01671
                       93 1.01871
                       93 1.02071
                       93 1.02272
                       93 1.02472
                       93 1.02672
                       93 1.02872
                       93 1.03072
                       93 1.03272
                       93 1.03473
                       93 1.03673
                       93 1.03873
                       93 1.04073
                       93 1.04273
                       93 1.04473
                       93 1.04674
                       93 1.04874
                       93 1.05074
                       93 1.05274
                       93 1.05474
                       93 1.05674
                       93 1.05875
                       93 1.06075
                       93 1.06275
                       93 1.06475
                       93 1.06675
                       93 1.06876
                       93 1.07076
                       93 1.07276
                       93 1.07476
                       93 1.07676
                       93 1.07876
                       93 1.08077
                       93 1.08277
                       93 1.08477
                       93 1.08677
                       93 1.08877
                       93 1.09077
                       93 1.09278
                       93 1.09478
                       93 1.09678
                       93 1.09878
                       93 1.10078
                       93 1.10279
                       93 1.10479
                       93 1.10679
                       93 1.10879
                       93 1.11079
                       93 1.11279
                       93 1.1148
                       93 1.1168
                       93 1.1188
                       93 1.1208
                       93 1.1228
                       93 1.1248
                       93 1.12681
                       93 1.12881
                       93 1.13081
                       93 1.13281
                       93 1.13481
                       93 1.13681
                       93 1.13882
                       93 1.14082
                       93 1.14282
                       93 1.14482
                       93 1.14682
                       93 1.14883
                       93 1.15083
                       93 1.15283
                       93 1.15483
                       93 1.15683
                       93 1.15883
                       93 1.16084
                       93 1.16284
                       93 1.16484
                       93 1.16684
                       93 1.16884
                       93 1.17084
                       93 1.17285
                       93 1.17485
                       93 1.17685
                       93 1.17885
                       93 1.18085
                       93 1.18285
                       93 1.18486
                       93 1.18686
                       93 1.18886
                       93 1.19086
                       93 1.19286
                       93 1.19487
                       93 1.19687
                       94 1.19887
                       94 1.20087
                       94 1.20287
                       94 1.20487
                       94 1.20688
                       94 1.20888
                       94 1.21088
                       94 1.21288
                       94 1.21488
                       94 1.21688
                       94 1.21889
                       94 1.22089
                       94 1.22289
                       94 1.22489
                       94 1.22689
                       94 1.22889
                       94 1.2309
                       94 1.2329
                       94 1.2349
                       94 1.2369
                       94 1.2389
                       94 1.24091
                       94 1.24291
                       94 1.24491
                       94 1.24691
                       94 1.24891
                       94 1.25091
                       94 1.25292
                       94 1.25492
                       94 1.25692
                       93 1.25892
                       93 1.26092
                       93 1.26292
                       93 1.26493
                       93 1.26693
                       93 1.26893
                       93 1.27093
                       93 1.27293
                       93 1.27493
                       93 1.27694
                       93 1.27894
                       93 1.28094
                       93 1.28294
                       93 1.28494
                       93 1.28695
                       93 1.28895
                       93 1.29095
                       93 1.29295
                       93 1.29495
                       93 1.29695
                       93 1.29896
                       93 1.30096
                       93 1.30296
                       93 1.30496
                       93 1.30696
                       93 1.30896
                       93 1.31097
                       93 1.31297
                       93 1.31497
                       93 1.31697
                       93 1.31897
                       93 1.32097
                       93 1.32298
                       93 1.32498
                       93 1.32698
                       93 1.32898
                       93 1.33098
                       93 1.33299
                       93 1.33499
                       93 1.33699
                       93 1.33899
                       93 1.34099
                       93 1.34299
                       93 1.345
                       93 1.347
                       93 1.349
                       93 1.351
                       93 1.353
                       93 1.355
                       93 1.35701
                       93 1.35901
                       93 1.36101
                       93 1.36301
                       93 1.36501
                       93 1.36701
                       93 1.36902
                       93 1.37102
                       93 1.37302
                       93 1.37502
                       93 1.37702
                       93 1.37903
                       93 1.38103
                       93 1.38303
                       93 1.38503
                       93 1.38703
                       93 1.38903
                       93 1.39104
                       93 1.39304
                       93 1.39504
                       93 1.39704
                       93 1.39904
                       93 1.40104
                       93 1.40305
                       93 1.40505
                       93 1.40705
                       93 1.40905
                       93 1.41105
                       93 1.41305
                       93 1.41506
                       93 1.41706
                       93 1.41906
                       93 1.42106
                       93 1.42306
                       93 1.42507
                       93 1.42707
                       93 1.42907
                       93 1.43107
                       93 1.43307
                       93 1.43507
                       93 1.43708
                       93 1.43908
                       93 1.44108
                       93 1.44308
                       93 1.44508
                       93 1.44708
                       93 1.44909
                       93 1.45109
                       93 1.45309
                       93 1.45509
                       93 1.45709
                       93 1.45909
                       93 1.4611
                       93 1.4631
                       93 1.4651
                       93 1.4671
                       93 1.4691
                       93 1.47111
                       93 1.47311
                       93 1.47511
                       93 1.47711
                       93 1.47911
                       93 1.48111
                       93 1.48312
                       93 1.48512
                       93 1.48712
                       93 1.48912
                       93 1.49112
                       93 1.49312
                       93 1.49513
                       93 1.49713
                       93 1.49913
                       93 1.50113
                       93 1.50313
                       93 1.50513
                       93 1.50714
                       93 1.50914
                       93 1.51114
                       93 1.51314
                       93 1.51514
                       93 1.51715
                       93 1.51915
                       93 1.52115
                       93 1.52315
                       93 1.52515
                       93 1.52715
                       93 1.52916
                       93 1.53116
                       93 1.53316
                       93 1.53516
                       93 1.53716
                       93 1.53916
                       93 1.54117
                       93 1.54317
                       93 1.54517
                       93 1.54717
                       93 1.54917
                       93 1.55117
                       93 1.55318
                       93 1.55518
                       93 1.55718
                       93 1.55918
                       93 1.56118
                       93 1.56319
                       93 1.56519
                       93 1.56719
                       93 1.56919
                       93 1.57119
                       93 1.57319
                       93 1.5752
                       93 1.5772
                       93 1.5792
                       93 1.5812
                       93 1.5832
                       93 1.5852
                       93 1.58721
                       93 1.58921
                       93 1.59121
                       93 1.59321
                       93 1.59521
                       93 1.59721
                       93 1.59922
                       93 1.60122
                       93 1.60322
                       93 1.60522
                       93 1.60722
                       93 1.60923
                       93 1.61123
                       93 1.61323
                       93 1.61523
                       93 1.61723
                       93 1.61923
                       93 1.62124
                       93 1.62324
                       93 1.62524
                       93 1.62724
                       93 1.62924
                       93 1.63124
                       93 1.63325
                       93 1.63525
                       93 1.63725
                       93 1.63925
                       93 1.64125
                       93 1.64326
                       93 1.64526
                       93 1.64726
                       93 1.64926
                       93 1.65126
                       93 1.65326
                       93 1.65527
                       93 1.65727
                       93 1.65927
                       93 1.66127
                       93 1.66327
                       93 1.66527
                       93 1.66728
                       93 1.66928
                       93 1.67128
                       93 1.67328
                       93 1.67528
                       93 1.67728
                       93 1.67929
                       93 1.68129
                       93 1.68329
                       93 1.68529
                       93 1.68729
                       93 1.6893
                       93 1.6913
                       93 1.6933
                       93 1.6953
                       93 1.6973
                       93 1.6993
                       93 1.70131
                       93 1.70331
                       93 1.70531
                       93 1.70731
                       93 1.70931
                       93 1.71131
                       93 1.71332
                       93 1.71532
                       93 1.71732
                       93 1.71932
                       93 1.72132
                       93 1.72332
                       93 1.72533
                       93 1.72733
                       93 1.72933
                       93 1.73133
                       93 1.73333
                       93 1.73534
                       93 1.73734
                       93 1.73934
                       93 1.74134
                       93 1.74334
                       93 1.74534
                       93 1.74735
                       93 1.74935
                       93 1.75135
                       93 1.75335
                       93 1.75535
                       93 1.75735
                       93 1.75936
                       93 1.76136
                       93 1.76336
                       93 1.76536
                       93 1.76736
                       93 1.76936
                       93 1.77137
                       93 1.77337
                       93 1.77537
                       93 1.77737
                       93 1.77937
                       93 1.78138
                       93 1.78338
                       93 1.78538
                       93 1.78738
                       93 1.78938
                       93 1.79138
                       93 1.79339
                       93 1.79539
                       93 1.79739
                       93 1.79939
                       93 1.80139
                       93 1.80339
                       93 1.8054
                       93 1.8074
                       93 1.8094
                       93 1.8114
                       93 1.8134
                       93 1.8154
                       93 1.81741
                       93 1.81941
                       93 1.82141
                       93 1.82341
                       93 1.82541
                       93 1.82742
                       93 1.82942
                       93 1.83142
                       93 1.83342
                       93 1.83542
                       93 1.83742
                       93 1.83943
                       93 1.84143
                       93 1.84343
                       93 1.84543
                       93 1.84743
                       93 1.84943
                       93 1.85144
                       93 1.85344
                       93 1.85544
                       93 1.85744
                       93 1.85944
                       93 1.86144
                       93 1.86345
                       93 1.86545
                       93 1.86745
                       93 1.86945
                       93 1.87145
                       93 1.87346
                       93 1.87546
                       93 1.87746
                       93 1.87946
                       93 1.88146
                       93 1.88346
                       93 1.88547
                       93 1.88747
                       93 1.88947
                       93 1.89147
                       93 1.89347
                       93 1.89547
                       93 1.89748
                       93 1.89948
                       93 1.90148
                       93 1.90348
                       93 1.90548
                       93 1.90748
                       93 1.90949
                       93 1.91149
                       93 1.91349
                       93 1.91549
                       93 1.91749
                       93 1.9195
                       93 1.9215
                       93 1.9235
                       93 1.9255
                       93 1.9275
                       93 1.9295
                       93 1.93151
                       93 1.93351
                       93 1.93551
                       93 1.93751
                       93 1.93951
                       93 1.94151
                       93 1.94352
                       93 1.94552
                       93 1.94752
                       93 1.94952
                       93 1.95152
                       93 1.95352
                       93 1.95553
                       93 1.95753
                       93 1.95953
                       93 1.96153
                       93 1.96353
                       93 1.96554
                       93 1.96754
                       93 1.96954
                       93 1.97154
                       93 1.97354
                       93 1.97554
                       93 1.97755
                       93 1.97955
                       93 1.98155
                       93 1.98355
                       93 1.98555
                       93 1.98755
                       93 1.98956
                       93 1.99156
                       93 1.99356
                       93 1.99556
                       93 1.99756
                       93 1.99956
                       93 2.00157
                       93 2.00357
                       93 2.00557
                       93 2.00757
                       93 2.00957
                       93 2.01158
                       93 2.01358
                       93 2.01558
                       93 2.01758
                       93 2.01958
                       93 2.02158
                       93 2.02359
                       93 2.02559
                       93 2.02759
                       93 2.02959
                       93 2.03159
                       93 2.03359
                       93 2.0356
                       93 2.0376
                       93 2.0396
                       93 2.0416
                       93 2.0436
                       93 2.0456
                       93 2.04761
                       93 2.04961
                       93 2.05161
                       93 2.05361
                       93 2.05561
                       93 2.05762
                       93 2.05962
                       93 2.06162
                       93 2.06362
                       93 2.06562
                       93 2.06762
                       93 2.06963
                       93 2.07163
                       93 2.07363
                       93 2.07563
                       93 2.07763
                       93 2.07963
                       93 2.08164
                       93 2.08364
                       93 2.08564
                       93 2.08764
                       93 2.08964
                       93 2.09164
                       93 2.09365
                       93 2.09565
                       93 2.09765
                       93 2.09965
                       93 2.10165
                       93 2.10366
                       93 2.10566
                       93 2.10766
                       93 2.10966
                       93 2.11166
                       93 2.11366
                       93 2.11567
                       93 2.11767
                       93 2.11967
                       93 2.12167
                       93 2.12367
                       93 2.12567
                       93 2.12768
                       93 2.12968
                       93 2.13168
                       93 2.13368
                       93 2.13568
                       93 2.13768
                       93 2.13969
                       93 2.14169
                       93 2.14369
                       93 2.14569
                       93 2.14769
                       93 2.1497
                       93 2.1517
                       93 2.1537
                       93 2.1557
                       93 2.1577
                       93 2.1597
                       93 2.16171
                       93 2.16371
                       93 2.16571
                       93 2.16771
                       93 2.16971
                       93 2.17171
                       93 2.17372
                       93 2.17572
                       93 2.17772
                       93 2.17972
                       93 2.18172
                       93 2.18372
                       93 2.18573
                       93 2.18773
                       93 2.18973
                       93 2.19173
                       93 2.19373
                       93 2.19574
                       93 2.19774
                       93 2.19974
                       93 2.20174
                       93 2.20374
                       93 2.20574
                       93 2.20775
                       93 2.20975
                       93 2.21175
                       93 2.21375
                       93 2.21575
                       93 2.21775
                       93 2.21976
                       93 2.22176
                       93 2.22376
                       93 2.22576
                       93 2.22776
                       93 2.22977
                       93 2.23177
                       93 2.23377
                       93 2.23577
                       93 2.23777
                       93 2.23977
                       93 2.24178
                       93 2.24378
                       93 2.24578
                       93 2.24778
                       93 2.24978
                       93 2.25178
                       93 2.25379
                       93 2.25579
                       93 2.25779
                       93 2.25979
                       93 2.26179
                       93 2.26379
                       93 2.2658
                       93 2.2678
                       93 2.2698
                       93 2.2718
                       93 2.2738
                       93 2.27581
                       93 2.27781
                       93 2.27981
                       93 2.28181
                       93 2.28381
                       93 2.28581
                       93 2.28782
                       93 2.28982
                       93 2.29182
                       93 2.29382
                       93 2.29582
                       93 2.29782
                       93 2.29983
                       93 2.30183
                       93 2.30383
                       93 2.30583
                       93 2.30783
                       93 2.30983
                       93 2.31184
                       93 2.31384
                       93 2.31584
                       93 2.31784
                       93 2.31984
                       93 2.32185
                       93 2.32385
                       93 2.32585
                       93 2.32785
                       93 2.32985
                       93 2.33185
                       93 2.33386
                       93 2.33586
                       93 2.33786
                       93 2.33986
                       93 2.34186
                       93 2.34386
                       93 2.34587
                       93 2.34787
                       93 2.34987
                       93 2.35187
                       93 2.35387
                       93 2.35587
                       93 2.35788
                       93 2.35988
                       93 2.36188
                       93 2.36388
                       93 2.36588
                       93 2.36789
                       93 2.36989
                       93 2.37189
                       93 2.37389
                       93 2.37589
                       93 2.37789
                       93 2.3799
                       93 2.3819
                       93 2.3839
                       93 2.3859
                       93 2.3879
                       93 2.3899
                       93 2.39191
                       93 2.39391
                       93 2.39591
                       93 2.39791
                       93 2.39991
                       93 2.40191
                       93 2.40392
                       93 2.40592
                       93 2.40792
                       93 2.40992
                       93 2.41192
                       93 2.41393
                       93 2.41593
                       93 2.41793
                       93 2.41993
                       93 2.42193
                       93 2.42393
                       93 2.42594
                       93 2.42794
                       93 2.42994
                       93 2.43194
                       93 2.43394
                       93 2.43594
                       93 2.43795
                       93 2.43995
                       93 2.44195
                       93 2.44395
                       93 2.44595
                       93 2.44795
                       93 2.44996
                       93 2.45196
                       93 2.45396
                       93 2.45596
                       93 2.45796
                       93 2.45997
                       93 2.46197
                       93 2.46397
                       93 2.46597
                       93 2.46797
                       93 2.46997
                       93 2.47198
                       93 2.47398
                       93 2.47598
                       93 2.47798
                       93 2.47998
                       93 2.48198
                       93 2.48399
                       93 2.48599
                       93 2.48799
                       93 2.48999
                       93 2.49199
                       93 2.49399
                       93 2.496
                       93 2.498
                       93 2.5
