0.00887992
0.0177248
0.0264997
0.0351701
0.0437016
0.0520607
0.0602143
0.0681303
0.0757774
0.0831254
0.0901454
0.0968096
0.103092
0.108967
0.114412
0.119406
0.123928
0.127962
0.13149
0.1345
0.136978
0.138916
0.140306
0.141142
0.141421
0.141142
0.140306
0.138916
0.136978
0.1345
0.13149
0.127962
0.123928
0.119406
0.114412
0.108967
0.103092
0.0968096
0.0901454
0.0831254
0.0757774
0.0681303
0.0602143
0.0520607
0.0437016
0.0351701
0.0264997
0.0177248
0.00887992
9.25871e-16
-0.00887992
-0.0177248
-0.0264997
-0.0351701
-0.0437016
-0.0520607
-0.0602143
-0.0681303
-0.0757774
-0.0831254
-0.0901454
-0.0968096
-0.103092
-0.108967
-0.114412
-0.119406
-0.123928
-0.127962
-0.13149
-0.1345
-0.136978
-0.138916
-0.140306
-0.141142
-0.141421
-0.141142
-0.140306
-0.138916
-0.136978
-0.1345
-0.13149
-0.127962
-0.123928
-0.119406
-0.114412
-0.108967
-0.103092
-0.0968096
-0.0901454
-0.0831254
-0.0757774
-0.0681303
-0.0602143
-0.0520607
-0.0437016
-0.0351701
-0.0264997
-0.0177248
-0.00887992
