-0.0133089
-0.0264997
-0.0394553
-0.0520607
-0.064204
-0.0757774
-0.0866781
-0.0968096
-0.106082
-0.114412
-0.121727
-0.127962
-0.133061
-0.136978
-0.13968
-0.141142
-0.141352
-0.140306
-0.138015
-0.1345
-0.12979
-0.123928
-0.116967
-0.108967
-0.1
-0.0901454
-0.0794906
-0.0681303
-0.0561652
-0.0437016
-0.0308501
-0.0177248
-0.00444215
0.00887992
0.0221232
0.0351701
0.0479048
0.0602143
0.0719893
0.0831254
0.0935236
0.103092
0.111745
0.119406
0.126007
0.13149
0.135806
0.138916
0.140794
0.141421
0.140794
0.138916
0.135806
0.13149
0.126007
0.119406
0.111745
0.103092
0.0935236
0.0831254
0.0719893
0.0602143
0.0479048
0.0351701
0.0221232
0.00887992
-0.00444215
-0.0177248
-0.0308501
-0.0437016
-0.0561652
-0.0681303
-0.0794906
-0.0901454
-0.1
-0.108967
-0.116967
-0.123928
-0.12979
-0.1345
-0.138015
-0.140306
-0.141352
-0.141142
-0.13968
-0.136978
-0.133061
-0.127962
-0.121727
-0.114412
-0.106082
-0.0968096
-0.0866781
-0.0757774
-0.064204
-0.0520607
-0.0394553
-0.0264997
-0.0133089
